@ HyperIMU - ianovir - 2016
@ Date: Thu Nov 03 16:23:09 PDT 2016
@ Sensors: BMI160_accelerometer - BMI160_gyroscope
@ SamplingTime: 100ms

time,accelerometer-x,accelerometer-y,accelerometer-z,gyro-x,gyro-y,gyro-z
1478215389040,0.0,0.0,0.0,0.0,0.0,0.0#
1478215389141,-0.6562354,9.299861,1.83219,-0.07350325,-0.05219796,0.1438107#
1478215389245,0.2083667,8.863968,2.083667,0.014913702,-0.112918034,0.13528858#
1478215389350,-0.15088624,9.273516,2.069297,0.05539375,-0.14807177,-0.033023197#
1478215389453,0.26345217,8.873548,2.6967921,-0.051132694,-0.2695119,-0.07563378#
1478215389558,1.5016773,9.093889,3.532654,0.3334278,0.44208476,-0.36432046#
1478215389661,2.5219557,8.796907,3.0344899,0.5635249,0.48363006,-0.4825648#
1478215389765,0.8909473,8.890313,2.2872438,0.17789917,-0.029827405,-0.05219796#
1478215389869,-1.2046949,12.125984,-1.3172607,0.67324716,-0.35579833,-0.42184472#
1478215389976,4.0739284,15.706539,1.2981006,1.3986923,-0.4463458,-0.09267801#
1478215390083,1.4370118,8.701106,-0.91010743,1.3390374,0.36218992,-0.082025364#
1478215390189,-2.3878345,2.1579127,-3.6859353,-0.8213189,-1.9664782,1.0098706#
1478215390296,-2.8596535,23.499933,-4.263135,-1.9899141,0.05219796,1.1377025#
1478215390403,2.9530592,21.940775,1.707649,-1.2271847,0.47404268,-0.63383234#
1478215390508,5.1971927,-4.617598,-0.34488282,-0.93423694,0.54435015,0.7850999#
1478215390615,-5.1564775,9.13221,-1.7483643,-0.35899413,1.1163971,-0.46658584#
1478215390722,3.3123121,6.471343,0.38559815,0.8032094,-0.9651296,1.2836437#
1478215390829,3.2644117,11.314073,-4.2200246,2.538525,-0.33981937,0.44421527#
1478215390936,-5.721702,-0.54366946,-3.3602126,0.4048005,-0.9214538,-1.1153319#
1478215391043,3.410508,-2.9530592,-2.7662477,-0.24501082,1.1547467,1.0684602#
1478215391150,0.98914313,15.620318,-1.6549586,-0.37710363,-1.2634037,0.15020229#
1478215391258,1.3986914,7.4676714,1.6741188,-0.53476274,-1.0258497,-0.6412892#
1478215391366,-2.069297,-4.7062135,-2.9626393,1.2090752,1.4998924,-0.2130529#
1478215391473,-2.9506643,14.956898,-4.840335,-2.183792,-1.0130665,-0.34834146#
1478215391590,-2.2728736,16.39391,4.761299,1.8983012,-0.23648871,-0.572047#
1478215391698,-2.8548634,0.5748047,-0.8981324,1.2069446,-0.16724652,-1.7491642#
1478215391805,8.025711,-6.581514,-1.0777588,-0.99708754,-0.60507023,1.8216022#
1478215391912,2.1339624,25.514145,-2.1267774,-1.1419635,-0.44315,-0.20772657#
1478215392020,2.3638844,15.799945,2.0812721,-0.3355583,0.43675843,-0.65726817#
1478215392128,1.1280543,-10.284214,1.9734962,0.8032094,1.1014835,-0.027696876#
1478215392235,-1.5184424,5.3217335,-4.8044095,-0.26525086,0.24394555,0.79255676#
1478215392342,15.155684,24.742949,-0.3784131,2.2871227,1.7864485,1.0045444#
1478215392449,8.765772,9.139395,-2.3590944,1.9760655,0.4495416,-0.6498113#
1478215392557,-9.920172,5.8342676,-4.8355446,-0.42397526,-1.567004,-0.38029942#
1478215392665,-1.9711012,7.086863,-11.721226,-0.12783173,2.7654266,1.7502295#
1478215392774,7.434141,17.327967,-1.9758912,-0.902279,-0.23329292,-0.0010652645#
1478215392881,1.7148341,9.855506,1.0873389,-0.3472762,-0.81918836,-0.5933523#
1478215392989,-3.5182838,6.864126,-5.527705,-0.21411815,0.5773733,0.3206446#
1478215393097,-6.4330225,11.029065,9.544153,-1.9760655,-1.7917749,-0.6359629#
1478215393204,1.0394385,11.850557,0.488584,2.775014,-0.11611383,-0.628506#
1478215393311,-4.5864625,0.94603276,-1.8202149,1.0247844,-0.5752428,-1.3880396#
1478215393418,6.1408305,-6.262976,-0.3065625,-1.1515509,-0.3057309,1.2634037#
1478215393526,8.382568,29.554543,-4.2128396,-1.4604776,-0.4346279,-0.25353295#
1478215393634,3.6955154,14.250367,2.7351124,-0.3323625,-0.023435818,-0.8127968#
1478215393742,-0.3879932,-9.987232,0.2682422,1.200553,1.4146712,-0.5603291#
1478215393850,-2.6967921,4.9505057,-4.991221,0.1736381,-0.16937704,1.180313#
1478215393957,15.682589,21.95754,-0.2921924,2.2583606,0.69348717,0.78936094#
1478215394065,4.176914,6.823411,-1.1400293,1.3550164,0.112918034,-0.82877576#
1478215394172,-2.2513185,2.308799,-1.9375709,-0.6924219,-1.381648,0.8149273#
1478215394279,-0.17004639,7.965835,-12.533137,-0.2759035,2.569418,1.7427727#
1478215394386,9.79563,16.116087,-1.5232325,-1.1430287,-0.33129725,0.40586576#
1478215394494,3.7529957,-1.3388159,-0.07664063,-0.13848437,-0.4165184,-0.4889564#
1478215394602,-1.4322218,6.2653713,-1.6789087,-0.1587244,1.0045444,0.39734364#
1478215394708,-11.541599,22.695206,-5.022356,-2.1326594,-1.75236,-2.561961#
1478215394814,-1.0777588,14.621594,1.1711646,2.308428,-0.4250405,-1.3795174#
1478215394920,-3.2069314,0.55324954,-1.7723145,1.4658039,-0.16405073,-1.4263891#
1478215395027,1.8106349,-1.9351759,-3.4991236,-0.97471696,-1.0833739,1.2974921#
1478215395133,18.33627,44.17853,-2.6393116,-1.0301107,-1.196292,1.7193369#
1478215395238,5.0846267,16.860939,1.5711329,-0.58056915,0.6061355,-0.43356264#
1478215395344,3.6979103,-5.743257,1.1591895,-0.007456851,0.38562572,-1.0844392#
1478215395450,-2.0525317,6.437813,1.7387843,-0.588026,0.15659387,0.41225734#
1478215395556,-2.9913795,6.7803006,12.274476,-0.71479243,-2.957174,0.700944#
1478215395662,2.3686745,11.57034,-2.42855,2.5481126,-0.16405073,0.45167214#
1478215395768,-7.062913,0.34009278,-4.5888577,0.6530071,-0.8000136,-1.9760655#
1478215395875,6.0593996,-7.117998,-0.46702883,-1.5094798,-0.5496765,1.4189322#
1478215395980,12.473262,27.571466,-0.84544194,-0.61891866,0.24607609,-0.18535602#
1478215396088,9.623189,18.036892,2.4932153,-0.25885928,0.69987875,-0.99708754#
1478215396195,0.34727785,-8.150251,-1.5711329,0.6412892,1.1664646,-0.9214538#
1478215396302,-1.8657203,5.9540186,1.9902613,-0.7052051,-0.70200926,1.216532#
1478215396407,7.0437527,9.889036,-2.6129665,1.9068234,1.2751216,1.8226675#
1478215396514,5.8893533,8.6077,-4.7948294,1.9771309,0.23116238,-0.23648871#
1478215396624,-7.6496925,2.687212,-6.325247,-0.020240024,-1.6170714,-0.2545982#
1478215396730,-3.0656252,-0.29698244,-3.7146754,0.013848438,0.21731395,1.0183928#
1478215396837,-1.1687696,14.580879,-0.50774413,-0.5486112,-0.21837921,-0.39947417#
1478215396943,1.8226099,6.449788,0.34967285,-0.4048005,-0.7520767,-0.4878911#
1478215397048,-4.2152348,-1.2573853,-2.5459058,0.4495416,0.5219796,-0.27057716#
1478215397154,-1.5615528,8.576566,-11.239827,-0.9214538,0.8586032,0.62317973#
1478215397261,11.534414,18.070423,1.9184108,1.8152106,0.4165184,-1.0333065#
1478215397367,-1.0418335,6.212681,2.1363575,1.3347764,-0.5581986,-0.9736517#
1478215397473,0.06706055,-0.44307864,-3.5877395,-0.60293967,-1.7715348,1.3784522#
1478215397578,0.5508545,16.793879,-18.094374,-1.2090752,3.9734364,2.360626#
1478215397686,11.292518,18.329084,1.695674,-1.1856394,-0.42397526,-0.0479369#
1478215397792,3.3147073,-2.078877,-0.96758795,-0.07989483,-0.27483824,-0.46552056#
1478215397897,-5.1828227,8.784932,-2.8404932,-0.8021441,0.35792887,0.18216023#
1478215398004,-4.5960426,31.57594,-5.1540823,-1.6916399,-3.145726,-2.6173549#
1478215398111,2.7087672,16.041842,2.074087,3.3055155,0.11930962,-1.2282499#
1478215398218,-5.760022,2.9674294,-2.2393434,0.90973586,-1.0077401,-1.8631475#
1478215398324,7.082073,-4.617598,-0.93405765,-1.0130665,0.094808534,1.0588728#
1478215398431,14.07553,39.757324,-0.74006104,-1.7193369,-0.9821738,1.623463#
1478215398537,5.582791,18.171015,3.6380348,-0.44421527,0.22903186,-0.6945524#
1478215398643,0.16286133,-10.856624,-0.20597169,0.56672066,0.79894835,-0.77125144#
1478215398749,-1.2502003,6.8186207,1.1711646,-1.1707256,0.05965481,1.0620687#
1478215398855,9.10347,12.420572,0.23710695,1.2708606,1.2751216,2.5193505#
1478215398961,6.8497562,9.0004835,-2.8596535,2.4501083,0.24501082,0.10333065#
1478215399064,-9.297466,2.1746778,-5.4031644,0.37816888,-1.071656,-2.6567695#
1478215399168,7.0245924,-5.336104,-0.51971924,-0.44847634,0.89162636,0.7190535#
1478215399274,9.010064,32.0286,-4.038003,-1.2772521,-0.644485,0.01917476#
1478215399379,3.8296363,24.398066,0.24908204,-0.8277105,0.24714136,-0.24927188#
1478215399484,-2.8620484,-7.4054008,-2.936294,0.9491506,0.8767126,-0.15339808#
1478215399587,-0.97956306,0.974773,-5.3289185,0.26205507,1.0482203,0.9555422#
1478215399692,12.032578,11.733201,0.07664063,2.3020365,1.4966966,1.9430424#
1478215399796,6.7803006,8.617281,-1.2741505,2.122007,0.15233281,-0.69987875#
1478215399901,-8.361013,2.5387208,-5.4127445,0.06498113,-1.5254587,-1.0535465#
1478215400008,-2.560276,0.019160157,-1.9591261,-0.08522116,1.0641992,0.8852348#
1478215400114,-1.2909156,15.2538805,-1.4250367,-0.67537767,-0.51026165,-0.45380265#
1478215400220,1.3675562,6.8689165,1.0035132,-0.4250405,-0.82344943,-0.9491506#
1478215400325,-4.598438,-4.631968,-4.152964,0.99921805,0.49747851,-0.6849651#
1478215400431,-0.65384036,10.226734,-9.963282,-1.196292,0.69029135,1.24849#
1478215400538,9.908196,21.34202,1.9423609,1.3624732,0.43995422,-1.1973573#
1478215400643,4.2224197,8.931028,-0.6993457,1.8152106,-0.051132694,-0.83516735#
1478215400748,-6.593489,4.184099,-4.4355764,-0.7797736,-1.9515644,0.59122175#
1478215400853,-1.9160157,6.239026,-10.856624,-0.42717105,1.3464943,1.6575515#
1478215400959,-0.07903565,15.469432,-0.8382569,-1.0791129,-0.42290998,0.14168017#
1478215401065,3.7410207,3.0249097,0.46942386,-0.30253512,-0.3717773,-0.680704#
1478215401170,-6.373147,0.91010743,-4.744534,0.350472,-0.029827405,-0.2247708#
1478215401276,4.9313455,17.893192,-2.7446926,-2.4607608,-0.8969527,-0.18961707#
1478215401382,2.6321266,18.554216,5.237908,2.0197413,0.2396845,-1.1100056#
1478215401486,1.9758912,5.221143,0.27542725,1.627724,-0.19813919,-0.8990832#
1478215401592,0.086220704,0.16046631,-3.2524366,-0.70840085,-1.5648735,1.144094#
1478215401697,0.34009278,16.973505,-15.752044,-1.2271847,4.1715755,2.1230721#
1478215401804,8.816068,14.166541,0.74724615,-1.526524,0.23009712,0.7456851#
1478215401909,4.1960745,-2.6464968,1.4489869,0.52411014,-0.13635385,-0.23116238#
1478215402015,-2.9841945,3.1470559,-2.5339308,0.0958738,1.2154667,-0.051132694#
