@ HyperIMU - rohanrodrigues - 2016
@ Date: Fri Nov 04 10:30:03 PDT 2016
@ Sensors: BMI160_accelerometer - BMI160_gyroscope
@ SamplingTime: 100ms

time,accelerometer-x,accelerometer-y,accelerometer-z,gyro-x,gyro-y,gyro-z
1478277328.98,0.0,0.0,0.0,0.0,0.0,0.0#
1478277329.02,-0.019466,-0.013970,-0.286490,2.221736,0.436114,-2.418581#
1478277329.00,0.058504,-0.091622,-0.185312,2.209792,-0.078305,-1.943424#
1478277329.04,-0.035041,0.073311,-0.234771,2.240652,1.014760,-2.288725#
1478277329.06,0.113586,0.057277,-0.095742,2.272111,1.455553,-2.240539#
1478277329.08,0.252913,0.022196,0.125458,2.311858,1.581533,-2.727904#
1478277329.10,0.427067,0.095999,0.128855,2.367636,1.846573,-4.455024#
1478277329.12,0.529972,0.210027,-0.014234,2.448870,2.373944,-5.996428#
1478277329.15,0.312296,0.259380,-0.262212,2.550473,3.119049,-6.509127#
1478277329.17,-0.180416,0.337742,-0.277569,2.667933,3.868547,-6.143236#
1478277329.19,-0.353379,0.178571,0.032587,2.784312,3.660571,-4.577436#
1478277329.21,-0.323658,0.152748,-0.018797,2.878227,2.723375,-2.331740#
1478277329.23,-0.404296,0.030912,-0.110812,2.948153,1.955310,-0.531494#
1478277329.25,-0.318189,0.067821,-0.278146,3.012475,2.058386,0.294019#
1478277329.27,-0.379182,-0.006079,-0.303903,3.085079,2.583193,-0.856271#
1478277329.29,-0.294720,0.028065,0.262403,-3.123553,2.689809,-2.260555#
1478277329.32,-0.257269,-0.005304,0.309278,-3.055803,2.409301,-2.399194#
1478277329.34,-0.332773,-0.063141,0.280265,-2.998494,1.899818,-0.665354#
1478277329.36,-0.107433,-0.166175,0.493318,-2.950675,1.369531,-2.121962#
1478277329.38,-0.100669,-0.187323,0.465521,-2.912666,0.786186,-1.585163#
1478277329.40,0.081398,-0.129094,0.498261,-2.891477,0.176403,-0.981002#
1478277329.42,-0.095067,-0.060576,-0.806677,-2.859290,1.848201,-2.668661#
1478277329.44,0.193838,-0.105640,-0.804396,-2.779749,4.094697,-4.393612#
1478277329.46,0.521351,-0.018321,0.303233,-2.688084,3.492037,-4.525523#
1478277329.48,0.397336,-0.112731,1.380731,-2.641757,0.880836,-2.488443#
1478277329.51,0.361533,-0.113623,0.857769,-2.631089,0.068835,-0.106880#
1478277329.53,0.467604,-0.145780,0.156244,-2.623240,0.084542,-0.433359#
1478277329.55,0.429266,-0.192693,0.034591,-2.608810,0.260414,-1.597107#
1478277329.57,0.400631,-0.254209,-0.001377,-2.594551,0.035085,-2.045856#
1478277329.59,0.168268,-0.012647,0.243782,-2.592145,-0.400909,-0.610466#
1478277329.61,-0.487297,0.033784,-0.032053,-2.596612,-0.409670,-1.036796#
1478277329.63,-0.367902,-0.236083,0.540751,-2.598119,-0.229696,-0.355078#
1478277329.65,-0.403317,-0.272345,0.550859,-2.618341,-0.976447,2.239776#
1478277329.68,-0.098647,-0.181398,-0.456366,-2.632789,-0.161626,1.502433#
1478277329.70,-0.317809,-0.194825,0.263518,-2.610883,0.455593,-0.060195#
1478277329.72,-0.011724,0.575250,0.115163,-2.582599,0.797890,0.580071#
1478277329.74,0.168286,-0.263606,-0.275143,-2.522804,1.853289,-0.251610#
1478277329.76,0.143737,-0.145843,0.540271,-2.445756,1.624702,0.045852#
1478277329.78,-0.108047,0.126074,0.128706,-2.384453,0.778430,0.555133#
1478277329.80,0.002883,0.707188,-0.028718,-2.338155,0.326610,-0.264314#
1478277329.82,-0.388479,0.831600,-0.080932,-2.304406,0.115519,-0.559583#
1478277329.85,-0.400086,0.825149,-0.084753,-2.292464,-0.063883,-0.388631#
1478277329.87,-0.181814,0.289547,0.054994,-2.312192,-0.547952,-0.640260#
1478277329.89,0.141914,-0.278174,0.018312,-2.353917,-1.032473,-0.684399#
1478277329.91,0.082685,-0.108514,-0.140038,-2.396492,-1.021756,-1.464568#
1478277329.93,-0.041999,-0.211675,-0.091082,-2.438342,-1.026493,-2.275761#
1478277329.95,-0.077622,-0.339430,0.084170,-2.465088,-0.328896,-1.393112#
1478277329.97,-0.077570,-0.271551,0.316894,-2.445857,0.394862,0.582527#
1478277329.99,-0.060176,0.128849,-0.109590,-2.413454,0.184013,0.652739#
1478277330.02,-0.079028,0.122479,-0.105094,-2.388449,0.376634,-0.489891#
1478277330.04,0.033470,0.103313,-0.061156,-2.362098,0.367939,-0.434467#
1478277330.06,0.082195,-0.000802,0.105071,-2.342060,0.224676,-0.148063#
1478277330.08,0.094284,-0.091165,0.100120,-2.323631,0.166158,-0.000666#
1478277330.10,0.042631,-0.067619,0.064373,-2.309101,0.047158,-0.255289#
1478277330.12,0.125108,-0.398524,0.120562,-2.301421,0.085425,0.067942#
1478277330.14,0.102791,-0.471944,0.121389,-2.289062,0.084292,0.553605#
1478277330.16,0.111861,-0.198045,0.037076,-2.288489,-0.155895,0.505051#
1478277330.18,0.267253,-0.153048,-0.051503,-2.286055,-0.094412,0.659257#
1478277330.21,0.108369,-0.083081,0.148525,-2.262471,0.332662,0.917334#
1478277330.23,0.201737,-0.628295,-0.870831,-2.179453,1.759982,-3.389804#
1478277330.25,0.153966,-0.236703,0.059579,-2.188306,0.309060,-0.419781#
1478277330.27,0.149579,-0.392987,-0.287014,-2.166361,-0.391346,-2.245654#
1478277330.29,0.075534,-0.407272,-0.300643,-2.031481,0.467034,-3.221870#
1478277330.31,-0.033311,-0.216931,0.203585,-1.222999,1.930483,-0.103074#
1478277330.33,-0.237829,-0.239928,0.130879,-0.241621,1.751448,1.370944#
1478277330.35,-0.920545,2.782600,-0.058198,0.135199,-0.700156,-2.757218#
1478277330.38,-0.664436,1.555432,-0.155548,0.402104,-1.014488,-3.289785#
1478277330.40,-0.188773,-0.236016,0.135016,0.502199,-0.407975,-1.412428#
1478277330.42,0.379924,0.158793,0.363253,0.499890,-0.038873,0.483275#
1478277330.44,-0.182740,-0.090081,0.163156,0.516539,-0.255929,-1.224416#
1478277330.46,-0.187457,-0.088431,0.164508,0.544884,-0.277478,-0.982009#
1478277330.48,-0.296369,0.243684,0.302163,0.563396,-0.207984,-0.418260#
1478277330.50,-0.253148,-0.052616,0.273724,0.589872,-0.421342,-0.305628#
1478277330.52,-0.253063,0.301423,0.180644,0.649395,-1.142719,-0.533574#
1478277330.55,-0.089702,0.219285,0.161849,0.730083,-1.311774,-1.111924#
1478277330.57,-0.090121,0.170395,0.297846,0.819050,-1.458057,-1.192448#
1478277330.59,-0.093436,0.247859,0.418494,0.933515,-1.878647,-1.473496#
1478277330.61,-0.159829,0.250456,0.475929,1.065310,-2.049240,-1.468673#
1478277330.63,-0.149764,0.230668,0.472465,1.220227,-2.329531,-1.385110#
1478277330.65,-0.135045,0.228217,0.427409,1.401375,-2.344944,-0.412625#
1478277330.67,0.159302,0.114967,-0.623509,1.535777,-1.570672,-1.242026#
1478277330.69,0.142303,0.082906,-0.124787,1.636606,-1.514504,-1.954649#
1478277330.72,-0.382004,0.159017,0.216500,1.726746,-1.265014,-1.062229#
1478277330.74,-0.373866,0.158863,0.201780,1.790631,-0.638090,-0.139546#
1478277330.76,-0.202121,0.001527,-0.118907,1.850783,-0.604974,-0.514630#
1478277330.78,-0.200449,-0.067807,-0.078752,1.913190,-0.309781,-0.635348#
1478277330.80,-0.227834,-0.176476,-0.091007,1.968757,-0.039831,-0.767377#
1478277330.82,-0.192611,-0.300372,-0.089488,2.016545,0.086232,-1.002194#
1478277330.84,-0.141832,-0.297033,-0.055369,2.061798,-0.032425,-1.088328#
1478277330.86,0.007099,-0.272756,0.030455,2.120527,-0.306184,-0.915115#
1478277330.88,0.193281,-0.454023,0.404430,2.191975,-0.703180,-0.622425#
1478277330.91,0.226193,-0.463808,0.296618,2.274728,-1.147178,-0.554226#
1478277330.93,0.228937,-0.459897,0.274901,2.359306,-1.198656,-1.095052#
1478277330.95,-0.326096,-0.211546,0.417355,2.451815,-1.288734,-1.088354#
1478277330.97,-0.506211,0.125015,0.348171,2.561362,-1.545937,-1.078818#
1478277330.99,-0.330152,0.257777,0.238063,2.657654,-1.665007,-1.852680#
1478277331.01,0.075189,0.139946,0.356634,2.726156,-1.590611,-2.103725#
1478277331.03,0.278537,0.000363,0.509611,2.769596,-1.406420,-1.933229#
1478277331.05,0.134215,0.034014,0.641700,2.795150,-1.044327,-1.487710#
1478277331.08,-0.029035,0.078543,0.591216,2.811686,-0.625506,-1.076618#
1478277331.10,-0.034963,0.081504,0.586686,2.825311,-0.330179,-0.982770#
1478277331.12,-0.060713,0.026339,0.541417,2.839201,-0.153636,-1.188218#
1478277331.14,-0.310934,-0.320881,0.193611,2.856068,0.165244,-1.234052#
1478277331.16,-0.154881,-0.403123,0.028098,2.875074,0.611513,-1.271894#
1478277331.18,-0.102240,-0.267833,0.030735,2.891570,0.676125,-1.209337#
1478277331.20,-0.016998,-0.356999,0.132065,2.907711,0.328851,-0.244306#
1478277331.22,0.171153,-0.681487,-0.051438,2.925679,0.025029,1.704033#
1478277331.25,0.644274,-0.981808,-0.214399,2.941672,-0.024868,2.830143#
1478277331.27,0.152030,-0.181517,0.359310,2.951360,-0.206234,0.254753#
1478277331.29,0.165366,-0.188218,0.373809,2.952097,1.768523,2.387237#
1478277331.31,-0.302774,0.206289,-0.691730,2.918467,2.783612,4.272095#
1478277331.33,-0.219858,0.830286,-0.418843,2.866529,1.731056,1.363511#
1478277331.35,-0.272582,0.391277,-0.211153,2.819181,1.649993,1.223810#
1478277331.37,-0.270041,0.384159,-0.173254,2.720171,2.200875,2.633534#
1478277331.39,0.395492,0.142993,-0.012395,2.393327,3.359256,3.650895#
1478277331.41,-0.028222,0.706968,-0.567602,1.590656,4.491821,1.350078#
1478277331.44,-0.422541,1.134506,-0.418119,0.926878,3.612497,-0.067233#
1478277331.46,-0.925741,2.150782,-0.206269,0.644489,4.165757,-1.599538#
1478277331.48,-0.242118,0.855498,1.400089,0.432167,3.711103,0.069675#
1478277331.50,0.308328,0.287057,0.976210,0.310292,3.105651,-0.016130#
1478277331.52,0.418133,0.020584,1.151332,0.238397,2.908861,0.391853#
1478277331.54,-0.038040,0.017222,1.446530,0.207745,1.649238,0.847128#
1478277331.56,-0.550557,-0.279245,1.254140,0.195832,0.793449,1.600065#
1478277331.58,-0.793141,-0.600005,0.674526,0.186666,0.407352,0.651156#
1478277331.61,-0.778905,-0.863006,0.339901,0.173578,-0.216912,-1.014275#
1478277331.63,-0.886303,-0.900459,1.527592,0.163465,-1.445341,1.287441#
1478277331.65,0.195995,-0.730456,0.525779,0.152818,-2.064810,1.888080#
1478277331.67,0.494754,-0.809336,0.420127,0.180487,-3.061534,-0.137994#
1478277331.69,0.509067,-0.829938,0.355275,0.283934,-3.506271,-1.977756#
1478277331.71,-0.041990,0.059685,0.460249,0.476353,-3.778949,-1.798531#
1478277331.73,-0.208676,1.283037,0.808725,0.819557,-3.938555,-0.582219#
1478277331.75,-0.083799,2.288745,0.055702,1.318255,-3.777028,0.115595#
1478277331.78,0.273107,1.764932,0.267197,1.838432,-3.352710,0.950175#
1478277331.80,0.178669,1.534613,-0.135711,2.265208,-4.501735,0.070681#
1478277331.82,0.163819,1.557130,-0.234005,2.479685,-4.933131,-2.037907#
1478277331.84,-0.800654,1.036852,0.354726,2.591887,-3.966517,-2.027436#
1478277331.86,-0.759388,0.971944,-0.313330,2.675258,-3.228713,-4.213215#
1478277331.88,-0.384612,0.326437,-0.715934,2.754120,-2.295786,-5.205919#
1478277331.90,0.034278,-0.690938,-0.840818,2.805141,-1.048153,-3.426722#
1478277331.92,-0.059107,-1.027136,-0.820021,2.822585,0.564163,-0.944096#
1478277331.95,0.014542,-1.416504,-0.787466,2.811050,2.087233,1.095263#
1478277331.97,-0.243976,-1.488781,-0.732659,2.767968,3.285436,2.433140#
1478277331.99,-0.156391,-1.347428,-0.539603,2.694275,4.184914,3.139968#
1478277332.01,-0.127149,-1.370843,-0.466313,2.573563,3.784996,3.279750#
1478277332.03,0.014723,0.224333,1.468135,2.485056,0.608292,2.634578#
1478277332.05,0.191367,0.715156,0.802310,2.530443,-0.928766,0.538249#
1478277332.07,0.048326,-0.116332,0.731229,2.610002,-1.667593,0.174075#
1478277332.09,-0.265456,-0.847374,-0.207680,2.656915,-0.966096,4.808328#
1478277332.11,0.324690,1.026632,-2.978756,2.647797,0.645429,1.687754#
1478277332.14,0.222323,0.734811,-0.130288,2.720377,0.882229,0.487733#
1478277332.16,0.759749,-0.528033,-1.418783,2.694200,3.304867,5.049973#
1478277332.18,0.734766,-0.540114,-1.334387,2.273425,4.132918,4.639840#
1478277332.20,1.172385,0.628065,-0.918862,1.496246,2.669494,-1.915643#
1478277332.22,-1.456040,3.423475,1.191296,0.884893,5.961104,-8.311088#
1478277332.24,-1.433674,1.496644,1.749183,0.458893,4.314131,2.002904#
1478277332.26,0.111614,0.626367,1.245780,0.243813,3.737966,0.229030#
1478277332.28,0.354990,0.116542,1.472983,0.173408,2.705617,-1.645112#
1478277332.31,0.373154,-0.189272,1.831783,0.119134,2.611905,2.182213#
1478277332.33,-0.091057,-0.382782,1.169713,0.091976,1.126320,3.127501#
1478277332.35,-0.742595,-0.953289,-0.030383,0.081608,0.623396,0.201046#
1478277332.37,-0.729277,-0.946959,-0.009923,0.072191,0.322500,-2.252158#
1478277332.39,-1.188273,-0.616369,2.332315,0.046632,-1.248304,1.625777#
1478277332.41,0.595186,-0.872097,0.319257,0.005564,-2.053032,1.970013#
1478277332.43,0.594607,-0.648663,0.299608,0.030234,-3.487371,-1.597978#
1478277332.45,0.613033,-0.671506,0.228637,0.138416,-4.020734,-2.244196#
1478277332.48,0.347223,-0.596753,0.813411,0.340195,-3.949251,-0.089013#
1478277332.50,0.131476,-0.135278,0.168306,0.779721,-4.511170,1.503097#
1478277332.52,-0.493472,1.373953,-0.296704,1.424209,-4.500152,-0.296358#
1478277332.54,-0.704805,3.450234,-0.650118,1.971682,-4.575556,-2.827069#
1478277332.56,0.549438,1.514633,-0.208987,2.253638,-2.584074,1.866688#
1478277332.58,0.869941,1.042754,0.213608,2.456558,-3.559601,0.225052#
1478277332.60,-0.225485,0.970833,0.083998,2.545293,-3.576557,-1.879366#
1478277332.62,-1.138649,0.638440,0.221228,2.585001,-2.011505,-1.851244#
1478277332.65,-1.061011,0.389363,-0.247374,2.620680,-1.194354,-3.760049#
1478277332.67,-0.113269,-0.070133,-0.814547,2.669175,-1.011063,-5.154177#
1478277332.69,0.610365,-0.902727,-0.980094,2.685831,0.156748,-2.779347#
1478277332.71,0.271309,-1.526448,-0.787415,2.651754,2.066386,0.852297#
1478277332.73,-0.645095,-1.711422,-0.996536,2.551951,3.694500,2.773844#
1478277332.75,-0.680141,-1.257501,-0.691078,2.418392,4.153892,2.548973#
1478277332.77,-0.655672,-1.277351,-0.618916,2.265459,3.736966,2.783122#
1478277332.79,0.368027,0.180922,0.856316,2.110483,2.127621,3.219262#
1478277332.81,0.312674,1.397010,1.537754,2.145663,-0.445189,2.054314#
1478277332.84,0.122133,0.877799,1.066506,2.314652,-1.390877,-0.602213#
1478277332.86,-0.414888,-0.986599,0.232628,2.423318,-2.194122,0.900954#
1478277332.88,-0.352380,-1.821676,-1.294904,2.475112,-2.278934,4.581534#
1478277332.90,0.508453,0.646858,-3.030828,2.552567,1.396082,-2.432862#
1478277332.92,-0.192130,0.498187,0.135864,2.526077,2.414985,3.148155#
1478277332.94,-0.202097,0.488399,0.196255,2.292664,3.197070,2.855489#
1478277332.96,0.454488,-0.034947,-0.777349,1.731545,2.577147,2.659364#
1478277332.98,-0.172193,2.951488,-1.730971,1.111487,4.144260,-5.570267#
1478277333.01,-1.287088,2.478275,2.104150,0.541848,6.137365,-4.868047#
1478277333.03,-0.310746,1.181052,2.347789,0.241566,3.495022,2.059287#
1478277333.05,0.605974,0.319224,1.328640,0.169708,1.904584,-0.551671#
1478277333.07,0.866048,-0.324601,1.258006,0.111013,3.024246,2.891203#
1478277333.09,0.036792,-0.358804,1.364594,0.082843,1.330068,4.978528#
1478277333.11,-1.179821,-1.082708,-0.610043,0.086316,0.710724,1.765092#
1478277333.13,-1.182357,-1.069411,-0.577668,0.071161,1.530712,-2.830791#
1478277333.15,-1.371467,-0.433464,1.556333,0.036154,0.062298,-0.521817#
1478277333.18,0.210987,-0.849700,0.594613,-0.006005,-0.836302,1.676481#
1478277333.20,0.472538,-0.889821,0.332045,-0.004904,-1.949704,-0.378537#
1478277333.22,0.487568,-0.909826,0.283757,0.076808,-3.311085,-2.343177#
1478277333.24,0.215673,-0.403723,1.046919,0.230006,-3.644523,-2.005183#
1478277333.26,0.041521,-0.426441,0.761040,0.441029,-4.110891,-0.489051#
1478277333.28,-0.148276,-0.078100,0.001749,0.814087,-4.353412,0.202054#
1478277333.30,-0.776701,1.536571,-0.223443,1.251738,-4.501417,-2.293826#
1478277333.32,-0.898330,3.165501,0.090829,1.697579,-4.309490,-1.891595#
1478277333.34,0.520512,1.994017,0.178432,1.996833,-2.612729,2.359702#
1478277333.37,1.020635,1.544387,0.145411,2.243774,-3.720400,-0.310155#
1478277333.39,-0.022125,0.851885,-0.045856,2.402961,-4.201212,-3.987048#
1478277333.41,-1.163404,0.321444,-0.054420,2.481312,-1.880974,-2.965791#
1478277333.43,-0.956663,-0.118244,-0.291061,2.529445,-0.893274,-3.886175#
1478277333.45,-0.015674,-0.454057,-0.809407,2.559875,-0.668120,-3.488974#
1478277333.47,0.542047,-1.067008,-1.261476,2.559013,0.659678,-1.112014#
1478277333.49,-0.342752,-2.013069,-0.915915,2.510694,2.600668,2.286288#
1478277333.51,-0.612935,-1.474588,-0.770583,2.410964,4.114445,3.787525#
1478277333.54,-0.572435,-1.498558,-0.702488,2.309687,3.818246,3.684184#
1478277333.56,0.108014,-0.227311,0.089930,2.206257,2.952905,3.378349#
1478277333.58,0.261599,0.677336,1.589041,2.192491,-0.525764,1.242194#
1478277333.60,-0.108474,0.992293,0.962252,2.352886,-1.836725,-0.903996#
1478277333.62,-0.536747,-0.164488,1.313837,2.442716,-3.025785,2.617879#
1478277333.64,-0.195460,0.611066,-0.932879,2.485835,-2.948153,4.720761#
1478277333.66,1.325016,1.724936,-3.125519,2.529284,1.663924,-3.865504#
1478277333.68,0.432191,-0.997814,-1.275903,2.557646,2.655285,2.417068#
1478277333.71,0.411810,-1.011033,-1.212402,2.324591,3.732154,3.720059#
1478277333.73,0.640219,0.006286,-1.750613,1.646054,3.832445,-0.133125#
1478277333.75,-0.704322,3.486287,2.359238,0.976463,6.377127,-7.068606#
1478277333.77,-1.661331,1.801048,1.278600,0.544906,4.139797,1.222231#
1478277333.79,0.273146,0.632477,1.360418,0.288566,3.346999,-0.987361#
1478277333.81,0.484424,-0.078753,1.441949,0.191238,2.646643,0.129497#
1478277333.83,0.034574,-0.410359,1.482870,0.120125,3.176000,3.836914#
1478277333.85,-0.468742,-0.640188,1.299368,0.060613,1.763957,4.261681#
1478277333.88,-1.110230,-1.163008,-0.307612,0.040471,1.264836,-1.509780#
1478277333.90,-1.059687,-0.896189,0.172326,-0.003849,1.311640,-3.166163#
1478277333.92,-1.027387,-0.678657,1.816781,-0.060084,-0.356190,0.823874#
1478277333.94,0.542192,-0.834519,0.237708,-0.089190,-0.660373,1.247176#
1478277333.96,0.696903,-0.494332,-0.009419,-0.061648,-2.841651,-1.133635#
1478277333.98,0.724413,-0.518190,-0.059791,0.020105,-3.276284,-3.861330#
1478277334.00,-0.163412,-0.319954,0.973811,0.185924,-4.903389,-0.702574#
1478277334.02,-0.692191,1.597887,-0.215906,0.488598,-4.759501,-0.316302#
1478277334.04,-0.502253,2.314991,0.002465,0.900781,-4.531958,0.525711#
1478277334.07,0.794981,1.704122,-0.193623,1.580618,-3.838412,3.027780#
1478277334.09,0.752976,1.726856,-0.587253,2.033784,-2.425641,1.405344#
1478277334.11,-0.561786,1.833027,0.697263,2.253390,-4.567801,-4.260484#
1478277334.13,-1.341978,1.112657,0.218396,2.367998,-3.646140,-1.921865#
1478277334.15,-1.254988,0.748022,-0.402561,2.438126,-2.782403,-3.534684#
1478277334.17,-0.553081,-0.127136,-0.820675,2.482926,-1.924851,-4.930844#
1478277334.19,0.436742,-0.678330,-1.245406,2.506855,-1.098802,-4.458436#
1478277334.21,0.457794,-1.232876,-1.020969,2.505431,0.198370,-1.447344#
1478277334.24,-0.236125,-1.755439,-0.809686,2.476104,1.778170,1.586369#
1478277334.26,-0.974678,-1.377836,-0.815073,2.443027,2.918275,1.834949#
1478277334.28,-0.214996,-0.804368,-0.349573,2.446579,3.584696,3.582718#
1478277334.30,-0.157751,-0.825215,-0.282351,2.452202,3.416697,4.720612#
1478277334.32,0.219377,0.730096,1.216440,2.473609,-0.104540,2.147131#
1478277334.34,0.340700,0.905461,1.103046,2.524327,-2.452297,-0.938697#
1478277334.36,-0.231609,-0.619501,0.752356,2.550954,-4.015547,1.664863#
1478277334.38,0.521753,0.549845,-2.460216,2.564985,-1.062365,3.076454#
1478277334.41,0.576795,1.409734,-1.347967,2.606837,2.331045,-0.078868#
1478277334.43,-0.655794,-0.618259,-0.706916,2.665809,3.018602,5.152536#
1478277334.45,0.734309,-0.252167,-0.931152,2.491463,4.331144,2.633071#
1478277334.47,0.642459,-0.255705,-0.863779,1.650060,2.663963,-0.174942#
1478277334.49,0.326008,2.707466,-2.332714,0.834181,6.735734,-9.447055#
1478277334.51,-1.037796,4.416314,1.434707,0.301430,4.642498,2.950750#
1478277334.53,-0.301939,1.076891,1.590416,0.075735,3.623243,-0.429698#
1478277334.55,0.510594,0.347873,1.492571,-0.025290,3.241082,1.552242#
1478277334.58,-0.481206,-0.361160,0.837274,-0.094976,3.008887,4.853317#
1478277334.60,-0.940759,-1.120223,-0.711879,-0.117977,1.014363,2.885025#
1478277334.62,-0.951431,-1.107177,-0.688456,-0.120121,1.501783,-2.343105#
1478277334.64,-1.436674,-0.515246,3.335603,-0.107979,-0.938203,-2.573408#
1478277334.66,0.006755,-0.631978,0.610914,-0.112626,-1.518778,1.587296#
1478277334.68,0.356801,-0.771823,0.264876,-0.100797,-2.772793,0.589218#
1478277334.70,0.620939,-0.481445,0.295533,-0.025176,-3.755231,-2.679018#
1478277334.72,0.762525,-0.386308,0.915926,0.162487,-4.854002,-2.481666#
1478277334.74,0.215362,-0.133158,0.174562,0.527919,-4.722433,-0.860758#
1478277334.77,-0.211141,2.834112,0.481109,1.005572,-4.534211,-3.259971#
1478277334.79,-0.212815,2.836624,0.393322,1.461278,-3.723940,2.328279#
1478277334.81,0.309667,2.197788,0.218058,1.778019,-3.193327,3.859246#
1478277334.83,0.354050,2.015223,-0.166032,2.015053,-3.907046,0.142492#
1478277334.85,-1.257841,1.594806,-0.726375,2.163268,-4.143356,-4.492869#
1478277334.87,-1.543400,0.996585,-0.585192,2.285090,-2.636147,-4.668669#
1478277334.89,0.128105,-1.079783,-0.863427,2.349323,-1.573132,-3.777587#
1478277334.91,0.262040,-1.263138,-1.194313,2.384244,-1.188611,-3.765929#
1478277334.94,0.239597,-1.259480,-1.188381,2.401041,-0.086969,-2.592952#
1478277334.96,-0.261083,-2.182250,-0.938304,2.385886,1.486892,-0.353621#
1478277334.98,-0.512950,-1.698010,-0.931606,2.330651,3.185365,1.755795#
1478277335.00,-0.552206,-1.064616,-0.697339,2.265012,3.743037,2.604140#
1478277335.02,-0.006553,-0.817796,-0.115883,2.171624,3.397785,4.137467#
1478277335.04,0.519241,0.316197,2.277287,2.189691,-1.724168,3.764078#
1478277335.06,0.686966,2.060201,0.567636,2.346583,-2.146746,-0.413374#
1478277335.08,-0.249722,-1.919925,0.329321,2.426391,-2.532337,-2.563268#
1478277335.11,-0.248502,-1.900766,0.269663,2.429040,-2.568613,7.995602#
1478277335.13,0.211934,0.713603,-3.868104,2.444789,1.898099,-1.527135#
1478277335.15,-0.563226,-0.173520,-1.386596,2.500654,2.788667,5.352904#
1478277335.17,0.848233,-0.735067,-1.227830,2.497815,4.967105,3.826459#
1478277335.19,1.003082,0.025344,-1.073471,2.033709,4.136829,2.465850#
1478277335.21,0.544121,3.762804,-2.463481,1.032216,5.023219,-8.088675#
1478277335.23,-1.313122,4.355450,3.902657,0.460101,5.635129,-2.401273#
1478277335.25,-1.014812,1.573706,2.537658,0.145729,4.616166,2.182998#
1478277335.27,0.367673,0.407397,1.920664,-0.004122,2.472410,1.211976#
1478277335.30,0.541682,-0.388092,1.451527,-0.096988,3.446307,5.684966#
1478277335.32,-0.362979,-0.551820,1.093081,-0.150605,1.239759,4.050280#
1478277335.34,-1.178891,-0.978239,1.711268,-0.148213,0.833498,-2.603148#
1478277335.36,-1.297124,-0.568132,2.073756,-0.121139,-1.416419,0.418807#
1478277335.38,-1.291628,-0.586627,2.029902,-0.124714,-1.737547,2.637989#
1478277335.40,0.486536,-0.168470,0.200206,-0.059538,-4.551730,-1.473410#
1478277335.42,0.547115,0.083830,0.926020,0.177927,-5.418311,-4.098993#
1478277335.44,0.090294,0.121630,0.137705,0.652866,-5.856629,-0.465893#
1478277335.47,-0.913579,2.371430,-0.657050,1.313698,-6.267010,-4.049057#
1478277335.49,0.665868,3.820579,-0.056022,1.798383,-4.517626,2.202741#
1478277335.51,1.143246,2.006594,0.075244,2.048969,-4.888812,3.409505#
1478277335.53,-0.710845,1.875806,-0.366338,2.192550,-6.166644,-1.525054#
1478277335.55,-0.736894,1.927361,-0.461369,2.267391,-4.982387,-2.709553#
1478277335.57,-1.961789,2.105855,-0.816938,2.368317,-3.617313,-5.324010#
1478277335.59,0.062243,-1.396374,-1.364822,2.432669,-2.750061,-6.016543#
1478277335.61,0.602286,-1.741845,-1.481985,2.469129,-0.626093,-3.205887#
1478277335.64,0.131965,-1.852975,-1.570135,2.454719,1.508074,-0.580633#
1478277335.66,-0.703938,-1.846933,-1.542783,2.392397,3.628004,2.106757#
1478277335.68,-0.726997,-1.438964,-1.384950,2.329164,4.528816,3.898436#
1478277335.70,0.091475,-1.017104,-0.988386,2.275455,4.785716,3.989148#
1478277335.72,0.313378,0.046904,0.542597,2.199676,4.652771,3.843069#
1478277335.74,0.335701,0.028376,0.594413,2.115743,1.723413,2.455365#
1478277335.76,0.151735,1.203613,1.294815,2.133720,-1.991693,-0.195218#
1478277335.78,-1.122244,-0.520290,-0.043247,2.209432,-1.902645,-0.704778#
1478277335.81,-0.223804,-1.801779,-1.252388,2.252157,-0.311204,8.459816#
1478277335.83,-0.169557,-1.795597,-1.279310,2.293726,-0.794686,1.965311#
1478277335.85,0.752425,1.107076,-0.031411,2.263887,3.702102,-3.400362#
1478277335.87,0.003065,-0.093492,-0.392133,2.118294,2.769213,3.552366#
1478277335.89,-0.025741,0.431688,-1.442546,1.769904,2.491171,0.419798#
1478277335.91,-0.203320,2.390680,-1.724243,1.351264,4.906116,-6.759138#
1478277335.93,-0.731860,3.440825,0.954778,0.779019,6.229643,0.551474#
1478277335.95,-0.777510,1.669863,2.210654,0.379736,4.377512,0.977581#
1478277335.97,0.568896,0.175275,1.445148,0.177005,3.550556,-0.358349#
1478277336.00,0.243159,-0.118319,1.296969,0.063507,2.965521,3.322304#
1478277336.02,0.202519,-0.097858,1.322807,0.006855,2.133185,3.173536#
1478277336.04,-1.082200,-0.911944,0.056703,-0.020244,1.054356,-0.239089#
1478277336.06,-1.592816,-0.510662,2.456867,-0.020847,-0.194455,-2.261590#
1478277336.08,-0.897781,-0.515625,1.225694,-0.016539,-1.283201,0.089414#
1478277336.10,0.196541,-1.102905,0.499294,-0.027651,-1.740507,1.446912#
1478277336.12,0.371530,-1.015936,0.454580,0.066571,-3.661306,-0.690327#
1478277336.14,0.239328,-0.333672,0.594953,0.285327,-4.490384,-2.835736#
1478277336.17,-0.079205,0.116393,-0.145413,0.640371,-4.984960,-1.739864#
1478277336.19,-0.083665,0.115756,-0.237000,1.057223,-4.759984,-1.791149#
1478277336.21,-0.428780,1.229485,-0.047746,1.417576,-4.715846,-1.683877#
1478277336.23,-0.780774,3.093253,0.492590,1.749868,-4.532368,2.089080#
1478277336.25,0.822572,2.626948,-0.390576,1.971389,-3.502725,2.691702#
1478277336.27,0.557761,1.716653,-0.398739,2.116593,-4.650888,-3.187923#
1478277336.29,-1.615608,0.187541,-0.114534,2.224246,-3.982539,-5.176307#
1478277336.31,-1.640787,0.209011,-0.142487,2.300104,-2.020603,-4.186853#
1478277336.34,-0.748602,-0.939115,-0.759253,2.337828,-1.263120,-5.277309#
1478277336.36,0.331153,-1.578286,-1.245775,2.355154,0.395851,-2.732290#
1478277336.38,-0.179560,-1.544116,-1.179922,2.329319,2.315758,-0.476086#
1478277336.40,-0.252423,-1.538273,-1.103224,2.257275,3.993333,2.210905#
1478277336.42,-0.260402,-1.158877,-0.905554,2.161407,4.429217,3.888601#
1478277336.44,0.175737,-1.053587,-0.577479,2.051423,3.913537,4.366802#
1478277336.46,0.228917,-0.353134,0.571326,1.981617,0.880535,3.073913#
1478277336.48,0.111983,1.634599,0.636135,2.089588,-1.978217,1.329666#
1478277336.51,0.120588,1.642714,0.600316,2.194951,-1.923826,-1.793911#
1478277336.53,-0.502494,-0.513588,0.619306,2.261311,-2.260852,3.805217#
1478277336.55,0.570356,0.863908,-4.404948,2.282288,-1.379365,3.014750#
1478277336.57,-0.082388,0.832024,0.165156,2.285651,3.975483,-1.131807#
1478277336.59,-0.069069,0.809451,0.236456,2.199751,4.208943,3.974131#
1478277336.61,0.550815,0.394327,-1.214522,1.735573,4.283365,1.958282#
1478277336.63,0.503263,2.195632,-1.837079,1.273144,2.855057,-5.128755#
1478277336.65,-0.558858,4.164227,0.410684,0.799963,6.507272,-4.866364#
1478277336.67,-0.644299,1.188069,1.810661,0.466791,4.328734,1.436152#
1478277336.70,0.560831,0.269059,1.500485,0.290250,2.896127,-0.745135#
1478277336.72,0.444174,-0.267144,1.272434,0.188343,3.209157,2.953616#
1478277336.74,-0.093380,-0.617263,1.147597,0.091606,2.489859,4.023093#
1478277336.76,-1.113034,-1.142078,0.164578,0.097857,-0.239417,-1.208589#
1478277336.78,-1.463169,-0.663673,0.694561,0.110284,0.156584,-2.226617#
1478277336.80,-1.342036,-0.216848,1.460954,0.051979,-0.001245,0.811755#
1478277336.82,-0.190290,-0.898372,0.825130,-0.006789,-1.475350,1.374326#
1478277336.84,0.432499,-1.123491,0.752720,0.028733,-3.436021,-0.975708#
1478277336.87,0.223715,-0.106664,0.134486,0.176298,-4.226022,-3.283000#
1478277336.89,0.456143,-0.071715,0.432964,0.456701,-4.583809,-3.155488#
1478277336.91,0.453864,-0.078165,0.342878,0.914734,-4.864705,-1.276860#
1478277336.93,-0.438335,1.711199,0.388892,1.391575,-4.795000,-1.076368#
1478277336.95,-0.376936,3.434032,0.467875,1.745871,-4.927488,1.108436#
1478277336.97,-0.342382,3.448161,0.371271,1.997359,-3.694714,3.656685#
1478277336.99,0.152561,1.426423,-0.509485,2.175694,-4.499940,-0.540022#
1478277337.01,-1.564257,1.473651,-0.153747,2.264863,-4.885375,-5.507055#
1478277337.04,-1.244876,0.085997,-0.575318,2.339447,-2.237530,-3.824744#
1478277337.06,-0.327382,-1.003570,-0.902529,2.381771,-1.354387,-5.047303#
1478277337.08,0.167241,-1.362541,-1.035683,2.400120,-0.090271,-3.155626#
1478277337.10,0.127671,-1.586928,-1.176097,2.387812,1.321368,-1.204833#
1478277337.12,-0.417801,-1.741624,-1.099540,2.345965,3.228976,1.678035#
1478277337.14,-0.739768,-1.968747,-1.213557,2.274441,5.048345,3.933197#
1478277337.16,-0.373995,-1.332702,-0.995745,2.161040,5.514110,4.810285#
1478277337.18,0.117303,0.306813,1.539318,1.979761,3.566906,4.666683#
1478277337.20,0.231754,2.489230,1.547727,2.062806,-3.369894,1.728814#
1478277337.23,0.240301,2.501028,1.489517,2.225913,-2.511870,-1.464162#
1478277337.25,-0.272766,-0.309556,2.759929,2.367882,-4.221761,0.614261#
1478277337.27,-0.078563,0.304499,-5.574268,2.397035,-2.446905,3.950409#
1478277337.29,0.690024,-0.938766,-2.946151,2.448993,2.469422,-1.589264#
1478277337.31,0.501939,-1.590315,-0.946251,2.441866,5.369076,4.023673#
1478277337.33,0.653957,-0.250585,-1.099928,2.078713,4.412049,5.145294#
1478277337.35,0.699509,3.658511,-2.136472,1.362688,4.553465,-7.461380#
1478277337.37,-1.623135,1.910297,1.303942,0.911082,4.666300,-1.575873#
1478277337.40,-1.598213,1.912902,1.404778,0.475389,5.020591,-0.426835#
1478277337.42,0.365671,0.954153,1.446822,0.189424,3.654419,-0.609607#
1478277337.44,0.612375,-0.281934,1.795965,0.053356,3.271039,4.081738#
1478277337.46,-0.349847,-0.270371,0.971439,-0.014837,2.218352,6.776480#
1478277337.48,-1.034016,-1.265443,-1.000315,-0.050214,1.184592,1.723113#
1478277337.50,-1.140962,-1.112489,0.071178,-0.066946,1.251104,-3.968394#
1478277337.52,-1.650540,-0.106448,2.505581,-0.095153,0.141026,-1.401568#
1478277337.54,-0.357536,-0.534846,1.153665,-0.161151,-0.557676,1.520117#
1478277337.57,0.512107,-1.004431,0.429989,-0.175551,-2.734039,-0.470048#
1478277337.59,0.535743,-1.030406,0.363145,-0.085640,-4.010338,-1.876721#
1478277337.61,0.570142,-0.538680,0.312167,0.108185,-4.385797,-2.348744#
1478277337.63,0.022646,0.434941,0.019229,0.471685,-4.457907,-2.426955#
1478277337.65,-0.831282,2.395599,0.579584,0.970604,-4.866729,-1.922663#
1478277337.67,-0.836188,2.401107,0.472642,1.479362,-4.907079,1.896930#
1478277337.69,0.676469,2.296309,0.063450,1.808406,-3.442833,5.287535#
1478277337.71,0.538421,1.923554,-0.284039,2.030286,-4.260381,0.148216#
1478277337.74,-0.831824,1.509406,-0.560270,2.127917,-4.652806,-3.627170#
1478277337.76,-1.925453,1.365706,-0.523709,2.217769,-3.150371,-3.985564#
1478277337.78,-1.103279,0.299659,-0.640950,2.289121,-1.610492,-3.971790#
1478277337.80,-0.158135,-0.857275,-0.926075,2.330144,-1.141485,-4.294836#
1478277337.82,0.469366,-2.053139,-1.140121,2.349218,0.207164,-2.251208#
1478277337.84,-0.204182,-2.401717,-1.317747,2.326017,2.125296,0.891679#
1478277337.86,-0.166327,-2.436326,-1.261293,2.269904,4.494206,3.116033#
1478277337.88,0.079352,-1.204292,-0.917308,2.197468,4.857500,3.829683#
1478277337.90,0.271550,-0.493535,-0.117650,2.074741,3.915976,4.060520#
1478277337.93,0.120550,0.962565,2.040257,2.036135,-0.781383,2.412796#
1478277337.95,0.384591,2.002513,1.312070,2.191819,-3.050803,0.083614#
1478277337.97,-0.417888,-0.646870,0.676464,2.290443,-2.229770,-2.440236#
1478277337.99,-0.399731,-0.628683,0.616015,2.346283,-3.254047,7.134726#
1478277338.01,0.625535,0.686218,-4.180814,2.375330,-0.746468,0.657627#
1478277338.03,0.562326,0.019150,-1.224223,2.399582,4.087798,-1.284684#
1478277338.05,-0.025354,0.007613,-0.297158,2.263943,3.781497,2.744265#
1478277338.07,0.218019,0.983970,-1.009881,1.828244,3.077087,0.488739#
1478277338.10,-0.560306,3.612294,-1.845496,1.350513,5.245774,-7.066762#
1478277338.12,-0.675537,3.053101,1.088377,0.686574,6.853782,1.300246#
1478277338.14,0.588561,1.070696,1.519897,0.244886,4.080515,0.800256#
1478277338.16,0.589321,1.083387,1.582651,0.053237,3.137354,1.891348#
1478277338.18,0.629646,-0.084877,1.584732,-0.031050,2.523560,4.483987#
1478277338.20,-0.905660,-0.864818,-0.334389,-0.055940,1.349823,3.603163#
1478277338.22,-1.212126,-1.233810,-0.363781,-0.076639,1.220560,-1.080853#
1478277338.24,-1.552633,-0.409448,1.942246,-0.091705,0.443310,-2.881485#
1478277338.27,-0.798736,-0.374206,1.561831,-0.132780,-0.509797,0.257663#
1478277338.29,0.255478,-1.070626,0.666793,-0.158821,-1.548324,0.696494#
1478277338.31,0.467619,-1.156522,0.616162,-0.090450,-3.137277,-0.440915#
1478277338.33,0.180949,-0.290851,0.306872,0.075095,-3.813028,-1.699876#
1478277338.35,0.186385,-0.304046,0.229615,0.368328,-4.406841,-2.479467#
1478277338.37,0.164828,-0.215150,0.039463,0.760613,-4.257327,-1.847317#
1478277338.39,-0.680715,1.872101,0.418965,1.170361,-4.065372,-1.835516#
1478277338.41,-0.929673,3.346152,0.392507,1.490370,-4.563391,-0.417472#
1478277338.44,-0.898718,3.354048,0.306890,1.766605,-3.321918,2.650449#
1478277338.46,0.391870,1.708949,-0.798895,2.000290,-3.159555,2.860944#
1478277338.48,0.392245,1.733830,-0.870053,2.141510,-4.502105,-4.650168#
1478277338.50,-1.121405,1.330119,-0.487251,2.237383,-3.143785,-4.378375#
1478277338.52,-0.675390,-0.666876,-0.636650,2.296330,-1.420565,-4.238137#
1478277338.54,0.143039,-1.028570,-1.064324,2.327075,-1.099078,-4.900034#
1478277338.56,0.405175,-1.581017,-1.225475,2.341558,0.150719,-3.027431#
1478277338.58,0.015272,-1.915369,-1.074371,2.322808,1.647826,-0.331498#
1478277338.60,-0.282464,-2.072706,-1.168355,2.263807,3.566963,2.137070#
1478277338.63,-0.549041,-1.376115,-0.952237,2.182412,4.317882,3.551607#
1478277338.65,-0.002958,-0.340283,0.433178,2.070071,3.837406,4.173597#
1478277338.67,0.027751,-0.351999,0.462832,1.998247,0.402939,3.642289#
1478277338.69,-0.206191,1.399361,2.654492,2.143331,-2.284151,0.937429#
1478277338.71,-0.304496,-0.455274,0.870817,2.256542,-2.601776,-2.307144#
1478277338.73,-0.204928,-1.149082,-1.297776,2.324227,-2.931088,4.385579#
1478277338.75,-0.196150,-1.135035,-1.336990,2.313747,-0.073573,0.422526#
1478277338.77,-0.298704,0.198824,-0.440350,2.308157,4.452777,0.917005#
1478277338.80,0.283803,-0.303610,-0.836378,2.209475,3.931530,3.905928#
1478277338.82,0.789721,0.560814,-1.102988,1.726966,4.580955,2.032310#
1478277338.84,0.292723,3.052339,-1.514231,1.184778,3.940108,-5.679392#
1478277338.86,-0.569781,3.965944,-0.957893,0.655159,7.829645,-5.081024#
1478277338.88,-1.543655,2.008246,4.067705,0.272753,4.693841,2.834164#
1478277338.90,0.538356,-0.074036,1.446405,0.085018,2.786009,1.528680#
1478277338.92,0.467410,-0.484037,1.138791,-0.006832,2.390625,3.448707#
1478277338.94,0.431395,-0.468045,1.154382,-0.049511,1.312822,3.564644#
1478277338.97,-1.038681,-1.141952,0.144189,-0.051476,0.269466,0.499396#
1478277338.99,-1.156297,-0.825544,1.016481,-0.035998,0.553838,-1.690411#
1478277339.01,-1.238900,-0.615399,1.597974,-0.036701,-0.991327,0.111002#
1478277339.03,-0.003626,-1.064774,0.329795,-0.054905,-1.739706,1.039556#
1478277339.05,0.404067,-0.813232,0.815312,0.028302,-4.219729,-1.289474#
1478277339.07,0.523738,-0.281992,0.088286,0.242722,-4.616924,-2.531140#
1478277339.09,0.464179,-0.345998,0.049060,0.565788,-4.494721,-2.199667#
1478277339.11,0.454355,-0.347653,-0.034107,0.956373,-4.304194,-1.136514#
1478277339.13,-0.256547,0.929291,0.086208,1.317604,-5.043456,-0.435540#
1478277339.16,0.201738,3.739535,-0.134622,1.613918,-4.149189,2.371188#
1478277339.18,0.656479,2.179211,-0.328870,1.863563,-3.239032,3.433217#
1478277339.20,0.273998,1.047091,-0.533102,2.025176,-3.711139,-1.090522#
1478277339.22,-1.526938,1.108213,-0.548024,2.108966,-3.611896,-3.790108#
1478277339.24,-1.433269,0.444106,-0.563113,2.188491,-1.974770,-3.964051#
1478277339.26,-0.809003,-0.494520,-0.509308,2.237603,-1.235855,-4.913611#
1478277339.28,0.125235,-1.036343,-1.001047,2.274429,-0.080576,-4.144299#
1478277339.30,0.719058,-1.764325,-0.992580,2.268225,1.415262,-1.998549#
1478277339.33,0.178296,-2.037462,-0.955079,2.204556,2.581152,0.024658#
1478277339.35,-0.854457,-1.242959,-1.070331,2.098893,3.881701,1.648125#
1478277339.37,-0.401041,-0.829741,-0.409963,1.965250,3.931786,2.780647#
1478277339.39,-0.365719,-0.848229,-0.367212,1.847228,2.330525,4.309197#
1478277339.41,0.368118,1.780340,2.349668,1.922857,-2.146253,4.084171#
1478277339.43,0.540999,1.741256,0.185477,2.051329,-1.220582,-0.494268#
1478277339.45,-0.169936,-0.910226,0.493871,2.152428,-2.632375,-1.717664#
1478277339.47,-0.211056,-1.263031,-1.081874,2.205266,-3.503822,5.218656#
1478277339.50,0.172442,0.577893,-4.349757,2.222925,1.964742,-1.974709#
1478277339.52,-0.605972,0.329165,-0.318824,2.169954,4.001186,3.584104#
1478277339.54,0.813427,0.621440,-1.282001,1.959040,4.602023,5.112150#
1478277339.56,0.744548,0.616770,-1.196131,1.463616,4.186317,-0.412285#
1478277339.58,0.489692,2.637226,-1.180802,1.025305,5.069933,-7.082257#
1478277339.60,-1.988240,2.233877,1.623986,0.624880,5.673383,-0.017588#
1478277339.62,-0.180288,1.139423,1.748024,0.277613,4.941584,1.247789#
1478277339.64,0.387231,0.284819,1.843626,0.112336,2.633780,0.630559#
1478277339.67,0.462331,-0.251245,1.558774,0.007430,2.788912,3.634372#
1478277339.69,-0.099032,-0.455047,0.868079,-0.045399,1.432176,3.753284#
1478277339.71,-1.098951,-1.069536,-0.090651,-0.055354,0.423942,0.373106#
1478277339.73,-1.164304,-0.905456,0.392167,-0.050037,0.402013,-2.080189#
1478277339.75,-1.530090,-0.495958,2.223611,-0.060397,-1.044132,0.125375#
1478277339.77,-0.366549,-0.867297,0.616469,-0.084819,-1.677810,1.701106#
1478277339.79,0.359364,-0.837694,0.170897,-0.016747,-3.851264,-0.898235#
1478277339.81,0.418985,-0.255100,0.227295,0.178405,-4.381672,-3.442139#
1478277339.83,0.427009,-0.267916,0.147488,0.494549,-4.620859,-1.965944#
1478277339.86,-0.143416,0.538761,-0.379255,0.891740,-4.387623,-1.502538#
1478277339.88,-0.417437,2.454695,0.552345,1.280094,-4.877098,-1.204398#
1478277339.90,0.263534,2.818251,0.514161,1.577371,-3.581624,4.339612#
1478277339.92,0.507139,2.230747,0.371807,1.810038,-3.428824,5.104008#
1478277339.94,0.104215,2.120938,-1.123086,1.940512,-4.687846,-3.295283#
1478277339.96,-1.955910,1.958628,-0.302602,2.063508,-4.153296,-4.144496#
1478277339.98,-0.641401,-0.517203,-0.623166,2.153128,-2.305495,-4.937805#
1478277340.00,-0.682688,-0.501780,-0.629173,2.201063,-1.677789,-5.048587#
1478277340.03,0.153720,-0.984099,-1.011634,2.228381,-0.359796,-3.862736#
1478277340.05,-0.012541,-1.473477,-1.025986,2.221442,0.947711,-2.281648#
1478277340.07,-0.286764,-1.789519,-0.990905,2.180315,2.237235,0.090483#
1478277340.09,-0.502889,-1.778457,-1.198681,2.116418,3.468178,2.204465#
1478277340.11,-0.277471,-1.128787,-0.854129,2.044704,3.926328,3.738696#
1478277340.13,-0.004935,-0.903797,-0.378980,1.946898,3.547967,4.882750#
1478277340.15,0.097934,0.111873,1.317282,1.903272,-0.263908,4.317663#
1478277340.17,-0.183523,1.253918,0.830333,2.004711,-2.205664,-0.954113#
1478277340.20,-0.195780,1.268873,0.788150,2.102369,-2.820785,-2.557929#
1478277340.22,-0.644941,-1.095659,0.567250,2.149193,-3.034959,5.974104#
1478277340.24,0.578179,0.824781,-1.997585,2.170950,1.759654,-1.546807#
1478277340.26,-0.238729,-0.357657,-0.105519,2.148630,3.204627,2.727455#
1478277340.28,0.672347,-0.090574,-1.178309,1.980556,4.692987,4.972354#
1478277340.30,1.051011,1.413415,-1.416403,1.558688,3.287800,1.922526#
1478277340.32,-0.007734,3.761388,-2.204731,1.145440,5.394242,-10.287991#
1478277340.34,-0.028961,3.767297,-2.063970,0.697307,5.539622,1.805248#
1478277340.37,0.020196,0.810559,1.756701,0.349757,4.276341,1.325296#
1478277340.39,0.496655,-0.001603,1.638219,0.195628,2.477509,1.571074#
1478277340.41,-0.116844,-0.104613,0.987912,0.110771,2.582994,3.886833#
1478277340.43,-0.808725,-0.600397,0.069956,0.043615,1.644321,2.600284#
1478277340.45,-1.342865,-1.383707,0.036016,0.027903,0.525193,-1.713052#
1478277340.47,-1.555579,-0.586560,1.318448,0.006855,0.242020,-1.684991#
1478277340.49,0.111767,-0.859365,0.393092,-0.040135,-0.625727,0.395502#
1478277340.51,0.140302,-0.875634,0.368810,-0.065459,-1.343598,0.653363#
1478277340.53,0.336073,-1.066370,0.599074,-0.005967,-3.400655,-0.838050#
1478277340.56,0.394481,-0.273485,-0.034497,0.181113,-4.053673,-2.882472#
1478277340.58,0.131853,-0.221111,-0.023809,0.516396,-4.542976,-3.698433#
1478277340.60,0.122524,-0.222041,-0.110838,0.976280,-4.606261,-1.801089#
1478277340.62,-0.635262,2.531719,0.860358,1.357983,-4.545658,-1.894957#
1478277340.64,0.107555,3.202352,0.346219,1.667500,-3.782255,3.580457#
1478277340.66,0.536572,2.258973,0.196355,1.930725,-3.411700,3.843654#
1478277340.68,0.552046,1.610738,-0.813609,2.077078,-4.725665,-3.176356#
1478277340.70,-1.383844,1.389677,-0.338575,2.164249,-4.693782,-4.830720#
1478277340.73,-1.941106,1.057962,-0.463711,2.228011,-2.390427,-4.306463#
1478277340.75,0.300693,-0.797538,-1.095485,2.268981,-1.335409,-4.480753#
1478277340.77,0.532768,-1.143108,-1.006244,2.294304,-0.192124,-3.962358#
1478277340.79,0.516984,-1.152928,-0.977161,2.295063,1.196495,-1.732951#
1478277340.81,-0.167843,-1.941346,-0.951308,2.259219,2.582391,0.843980#
1478277340.83,-0.814093,-1.569740,-1.338040,2.197316,3.898337,2.510591#
1478277340.85,-0.245388,-1.222093,-0.907427,2.121810,4.009955,3.564726#
1478277340.87,0.119178,-0.881950,-0.303294,2.016951,3.396587,4.323760#
1478277340.90,0.118125,0.176689,1.342621,1.959324,0.262950,3.988754#
1478277340.92,0.287509,1.618093,1.649284,2.034313,-1.618249,1.156892#
1478277340.94,-0.643777,-0.929941,0.723036,2.109327,-2.330489,-1.261591#
1478277340.96,-0.633049,-0.906787,0.649657,2.163127,-3.403903,5.978413#
1478277340.98,-0.498141,0.804945,-4.577606,2.194236,-0.012315,-1.792647#
1478277341.00,-0.191452,-0.660452,0.773183,2.211622,3.300734,0.735945#
1478277341.02,0.725423,-0.459198,-1.162513,2.110308,3.770304,4.660426#
1478277341.04,1.091126,0.798818,-1.230953,1.738279,3.928512,3.500332#
1478277341.06,0.102237,3.558781,-2.127744,1.265067,3.802469,-7.102234#
1478277341.09,-1.123086,3.060888,1.420837,0.797866,6.516475,-3.016415#
1478277341.11,-1.810153,1.634431,2.353258,0.384068,4.885230,3.047463#
1478277341.13,0.196612,0.642194,1.607775,0.167873,2.542351,0.894535#
1478277341.15,0.423380,0.016962,1.023293,0.053606,2.850312,1.796026#
1478277341.17,0.216985,-0.253913,1.191476,-0.019384,1.940332,3.526218#
1478277341.19,-1.184508,-0.943272,-0.092151,-0.035429,0.689759,0.843602#
1478277341.21,-1.329103,-0.527394,1.157925,-0.043159,0.709980,-1.882111#
1478277341.23,-1.305058,-0.533129,1.165626,-0.055799,-1.030594,-1.233955#
1478277341.26,0.156915,-0.913107,0.291725,-0.062019,-1.575467,1.139861#
1478277341.28,0.324123,-1.061783,0.580530,-0.032383,-2.757910,0.510162#
1478277341.30,0.599803,-0.867451,0.273622,0.126824,-4.273949,-2.288527#
1478277341.32,0.511881,-0.246305,0.055146,0.413283,-3.907415,-3.604056#
1478277341.34,0.355680,-0.209717,0.518689,0.811477,-4.483040,-1.670564#
1478277341.36,-0.040108,0.266715,0.059907,1.231786,-4.855246,-0.636783#
1478277341.38,-0.742472,4.221467,-0.430792,1.502348,-4.808575,0.038329#
1478277341.40,-0.713500,4.231479,-0.510912,1.727022,-3.119248,2.484635#
1478277341.43,0.327306,2.286839,0.331666,1.907901,-2.899672,3.036123#
1478277341.45,-1.130328,1.460903,-0.318319,2.029539,-4.344151,-5.266430#
1478277341.47,-1.661126,0.672506,-0.316319,2.124890,-2.475814,-3.248045#
1478277341.49,-1.087798,-0.214888,-0.643901,2.191390,-1.380778,-5.003253#
1478277341.51,-0.008962,-0.859469,-1.074244,2.239440,-0.956023,-5.357738#
1478277341.53,0.573835,-1.395194,-1.098522,2.267215,0.477925,-2.772413#
1478277341.55,0.486682,-1.804700,-0.984702,2.252572,1.769726,-0.418893#
1478277341.57,-0.665282,-1.641475,-1.180905,2.190628,3.451927,2.045089#
1478277341.60,-0.626103,-1.673348,-1.119720,2.090371,4.145510,3.348889#
1478277341.62,-0.080567,-1.294095,-0.684411,1.958421,3.429398,3.726642#
1478277341.64,-0.082646,0.641148,2.129155,1.872860,0.527499,3.197405#
1478277341.66,0.328529,1.655209,1.101999,1.999481,-2.737908,2.065089#
1478277341.68,0.340075,1.665003,1.058954,2.108263,-1.823948,-1.069025#
1478277341.70,-0.566421,-1.470524,0.090452,2.169707,-2.691179,-2.334669#
1478277341.72,-1.103464,-1.373073,-1.464846,2.173537,-2.278239,5.072992#
1478277341.74,-0.632514,1.557499,-2.733603,2.226556,0.620456,1.476568#
1478277341.76,-0.621979,2.036604,0.226233,2.266192,2.060009,2.078612#
1478277341.79,0.468516,0.354942,-1.259209,2.218253,4.522961,1.958529#
1478277341.81,1.026973,-0.096986,-0.802229,1.982920,4.633101,4.933267#
1478277341.83,0.137427,3.432470,-1.265595,1.463925,3.370071,-1.731476#
1478277341.85,-1.615296,2.783548,1.912933,1.036042,4.392196,-8.665098#
1478277341.87,-1.607384,2.785009,2.017367,0.652310,4.497402,1.445321#
1478277341.89,-0.059534,0.052639,1.608354,0.380949,2.305773,3.407541#
1478277341.91,0.500815,-0.405029,0.937974,0.257530,1.763492,1.365989#
1478277341.93,0.620738,-0.750335,1.179414,0.133854,2.233934,6.042845#
1478277341.96,-0.459071,-1.077778,-0.416469,0.093961,0.546173,3.728237#
1478277341.98,-0.960952,-1.339537,-1.637312,0.078467,1.490896,-3.646416#
1478277342.00,-1.195756,-0.819141,1.551757,0.066599,0.512495,-3.102837#
1478277342.02,0.196404,-0.911377,0.941506,0.061225,-0.466728,0.984691#
1478277342.04,0.209613,-0.922108,0.915515,0.078188,-1.501026,0.317132#
1478277342.06,0.460275,-0.953716,0.235744,0.147916,-2.535067,1.166683#
1478277342.08,0.179102,-0.114140,-0.158477,0.305498,-2.566924,-0.903157#
1478277342.10,-0.652522,-0.040498,-0.066665,0.535007,-3.619878,-2.687963#
1478277342.13,-1.481260,2.266871,-0.098691,0.821317,-3.665605,-0.374397#
1478277342.15,-0.448196,3.253353,-0.053168,1.144887,-3.768924,2.115261#
1478277342.17,0.771879,1.066158,0.108739,1.435098,-2.266313,2.953004#
1478277342.19,0.836139,1.068690,0.039992,1.789647,-3.482859,1.368430#
1478277342.21,0.453936,1.055995,-0.756272,1.959499,-3.438328,0.914914#
1478277342.23,-0.715013,0.985017,-1.303736,1.992433,-2.625427,-4.259359#
1478277342.25,-1.483538,1.420192,0.643716,2.065488,-3.367876,-2.499096#
1478277342.27,-0.733480,0.913001,-0.606821,2.139837,-2.357909,-1.767138#
1478277342.30,-0.009463,0.232460,-0.960563,2.182535,-2.161268,-3.494809#
1478277342.32,0.140453,-0.531803,-1.142096,2.204022,-1.293215,-2.763173#
1478277342.34,-0.023458,-2.033664,-0.878961,2.212938,-0.129492,-1.516534#
1478277342.36,-0.038535,-2.036570,-0.866443,2.196816,0.750953,-0.882940#
1478277342.38,-0.353753,-1.986233,-1.009213,2.165132,1.914328,-1.037206#
1478277342.40,-0.802410,-1.049073,-0.669710,2.127918,2.760614,-0.728743#
1478277342.42,-0.392269,-0.428568,0.168493,2.086854,2.348436,0.502280#
1478277342.44,-0.006243,0.673144,2.175341,2.105956,-1.825538,1.554276#
1478277342.46,0.035617,1.720365,0.396377,2.209663,-3.453955,-1.070218#
1478277342.49,0.041861,0.779997,1.969211,2.313256,-4.496034,-2.116924#
1478277342.51,0.301786,1.795085,-2.120829,2.355501,-4.014692,-1.062832#
1478277342.53,-1.206605,3.870844,-0.048801,2.480865,-2.234287,-0.995295#
1478277342.55,-0.552138,-0.810794,-2.226722,2.523369,-0.681171,1.345205#
1478277342.57,1.109375,-1.101621,-1.572859,2.514164,1.027444,3.626565#
1478277342.59,0.435420,1.903527,-0.393749,2.482022,2.078477,2.321701#
1478277342.61,-0.771806,2.338911,-0.408731,2.460882,3.016479,2.549638#
1478277342.63,-0.747617,2.314326,-0.375505,2.450299,1.624993,1.912304#
1478277342.66,-0.029149,0.472971,-0.074911,2.413833,1.776469,0.808165#
1478277342.68,-0.022671,0.451038,-0.036561,2.373688,2.389340,2.428381#
1478277342.70,0.295823,-0.157964,-0.110558,2.323597,2.508247,1.621938#
1478277342.72,-0.123247,-0.031269,-0.285664,2.235555,2.125784,0.877022#
1478277342.74,-0.478910,0.008946,-0.104040,2.149005,1.892476,0.645863#
1478277342.76,0.040660,0.477041,0.195147,2.053025,2.010257,2.208781#
1478277342.78,-0.370383,-0.492479,0.182959,1.984686,1.748210,2.279805#
1478277342.80,-0.092362,-0.642430,0.125572,1.941744,1.115343,2.652448#
1478277342.83,0.115392,-0.553123,-0.045725,1.905720,0.632562,2.537218#
1478277342.85,-0.035794,-0.435888,-0.120709,1.877434,0.481906,2.627793#
1478277342.87,-0.193410,-0.600231,0.038733,1.852719,0.089446,3.245414#
1478277342.89,-0.191998,-0.492739,-0.090615,1.823139,-0.465469,3.388225#
1478277342.91,-0.083664,-0.477655,-0.582891,1.805744,-0.725480,2.717919#
1478277342.93,0.140318,-0.509829,-0.528790,1.796575,-0.683957,2.078384#
1478277342.95,0.137624,-0.504957,-0.545210,1.764352,-0.806292,0.954748#
1478277342.97,-0.120047,0.799493,-0.433555,1.687987,-0.332207,1.058246#
1478277342.99,-0.547244,1.711178,-0.531208,1.608615,-0.169407,0.986150#
1478277343.02,-0.246848,1.049968,-0.289266,1.593357,0.149157,1.351296#
1478277343.04,0.569545,0.596998,-0.231921,1.629453,0.619898,1.743511#
1478277343.06,0.887574,0.219233,-0.083751,1.642379,0.174838,0.724270#
1478277343.08,0.566527,0.306540,-0.143225,1.620937,0.042072,1.056389#
1478277343.10,0.340697,0.157035,-0.089883,1.582958,0.101544,2.186872#
1478277343.12,0.343587,0.157616,-0.092104,1.535691,-0.069956,2.851935#
1478277343.14,0.305692,0.040373,-0.338653,1.484007,-0.152130,2.932629#
1478277343.16,0.483249,-0.256012,-0.586608,1.411450,-0.546648,2.171791#
1478277343.19,0.277198,-0.065562,-0.586245,1.307860,-0.345130,1.723912#
1478277343.21,0.006061,-0.189844,-0.615892,1.212199,-0.308637,0.887966#
1478277343.23,-0.151048,-0.323749,-0.595760,1.133676,0.052454,0.056219#
1478277343.25,-0.115128,-0.366132,-0.246982,1.049627,0.166007,1.183685#
1478277343.27,-0.185727,-0.042545,-0.492510,0.984182,0.322682,2.694422#
1478277343.29,0.060690,0.678654,-0.516971,0.963681,0.307997,3.058357#
1478277343.31,-0.023485,-0.030096,-0.580596,0.967446,0.060338,2.071624#
1478277343.33,0.054083,-0.200634,-0.475155,0.954689,0.591866,3.004076#
1478277343.36,-0.024538,-0.046728,-0.490517,0.915366,1.356559,3.474748#
1478277343.38,-0.023931,0.387244,-0.274261,0.853883,1.544383,3.639150#
1478277343.40,-0.014513,0.380400,-0.250568,0.788832,1.172840,3.676875#
1478277343.42,0.026109,0.140398,-0.208632,0.767392,0.545262,2.219234#
1478277343.44,-0.153226,-0.160775,-0.093684,0.809929,0.090416,1.108932#
1478277343.46,-0.208270,0.327728,0.144828,0.890502,-0.923730,0.263311#
1478277343.48,-0.305066,0.432938,0.278101,0.931160,-1.489089,1.324079#
1478277343.50,-0.345383,0.149100,0.214529,0.979809,-0.000774,4.373205#
1478277343.53,0.306095,-0.453800,-0.233245,1.023708,-0.009080,2.278562#
1478277343.55,0.559111,0.263999,-0.452871,1.014637,-0.550414,-0.734713#
1478277343.57,-0.256812,0.484189,-0.413103,0.998911,0.498213,-1.294494#
1478277343.59,-0.239500,0.481968,-0.399792,1.087275,0.786912,0.325032#
1478277343.61,-0.342011,-0.420732,-0.079108,1.223765,0.153668,2.306427#
1478277343.63,-0.094306,-0.345610,-0.252743,1.254931,-0.720119,1.381224#
1478277343.65,-0.137569,0.217521,-0.032915,1.237189,-0.578548,2.699395#
1478277343.67,-0.012833,0.379108,0.104561,1.221391,-0.561547,4.431715#
1478277343.69,0.002988,0.389408,0.038854,1.217379,-0.230391,4.582748#
1478277343.72,0.001002,0.319372,-0.070673,1.238354,0.176263,3.511955#
1478277343.74,-0.241275,0.331139,-0.235397,1.266086,0.095334,3.098247#
1478277343.76,-0.217922,0.336531,-0.225334,1.276885,-0.406045,1.860147#
1478277343.78,-0.088719,-0.026195,-0.256919,1.284645,0.000462,2.115145#
1478277343.80,-0.000747,0.243736,-0.130459,1.329019,0.395691,1.918993#
1478277343.82,-0.121385,0.194768,-0.174911,1.370550,0.378013,1.846642#
1478277343.84,-0.088609,0.206742,-0.154680,1.407483,0.266972,1.479995#
1478277343.86,0.560931,0.333640,-0.043212,1.429540,-0.041468,0.839835#
1478277343.89,0.547068,0.141276,-0.175843,1.420767,-0.512096,0.642521#
1478277343.91,0.109037,-0.037435,-0.183209,1.410428,-0.338218,1.484054#
1478277343.93,0.114425,-0.141105,0.042368,1.391674,-0.662775,2.238457#
1478277343.95,0.086362,-0.049110,-0.057202,1.363655,-0.793335,1.896232#
1478277343.97,0.262707,-0.033610,0.040831,1.331686,-0.895832,1.920536#
1478277343.99,-0.029738,0.072394,-0.153406,1.289555,-1.107354,1.661710#
1478277344.01,0.197545,-0.005164,-0.167601,1.257528,-0.714245,1.702924#
1478277344.03,0.209784,0.001974,-0.157306,1.235437,-0.676738,1.881474#
1478277344.06,-0.075305,0.094245,0.189210,1.201224,-1.167782,1.737466#
1478277344.08,-0.368281,0.245325,0.421572,1.150594,-1.449985,2.427269#
1478277344.10,-0.314174,0.460191,0.388862,1.099857,-1.194484,3.088939#
1478277344.12,-0.129562,0.601648,-0.261217,1.055507,-1.414020,2.253086#
1478277344.14,0.080791,0.182409,-0.185462,1.022968,-0.457004,1.282890#
1478277344.16,0.250754,0.224944,0.125172,1.022876,0.105010,0.364920#
1478277344.18,0.663343,0.479836,-0.149809,1.102889,3.413363,-4.293190#
1478277344.20,0.663901,0.480092,-0.120518,1.243963,3.802035,-0.913272#
1478277344.23,0.437941,0.169953,1.218147,1.332134,2.989237,3.216936#
1478277344.25,0.021507,-0.065529,0.963947,1.406020,1.405770,2.568691#
1478277344.27,-0.593541,-0.219665,0.879157,1.376030,-1.315243,4.596742#
1478277344.29,-0.254106,-0.221951,0.648786,1.290964,-2.718409,2.988497#
1478277344.31,0.036979,-0.005599,0.188950,1.175295,-3.233608,3.398666#
1478277344.33,0.015983,-0.007159,-0.244294,1.070755,-2.457459,4.771577#
1478277344.35,-0.080375,0.008546,-0.275226,1.000551,-0.903695,6.171320#
1478277344.37,-0.345119,-0.028036,0.020745,0.950512,0.014357,7.309812#
1478277344.39,-0.387983,-0.055076,0.326008,0.897290,0.783245,8.509430#
1478277344.42,-0.192119,0.149587,0.334277,0.828954,1.172536,8.613478#
1478277344.44,0.230240,0.304013,0.397888,0.746281,1.195512,8.072538#
1478277344.46,0.231107,0.460556,0.477042,0.657194,1.315039,7.936124#
1478277344.48,0.104480,0.530797,0.540457,0.569842,1.799084,6.953755#
1478277344.50,0.208593,0.407871,0.328590,0.493966,2.043508,5.016674#
1478277344.52,0.093202,0.368565,0.335859,0.427874,1.813922,2.675450#
1478277344.54,0.001053,0.316827,0.400690,0.367320,1.182799,1.127038#
1478277344.56,-0.003539,0.326771,0.387257,0.310120,0.406774,0.477747#
1478277344.59,0.067024,0.413128,0.577600,0.268417,-0.427126,0.559705#
1478277344.61,-0.194787,0.438551,0.565624,0.237678,-0.436044,1.665231#
1478277344.63,-0.167816,0.146335,-0.404153,0.207745,0.808445,2.603968#
1478277344.65,-0.196271,0.170906,-0.406307,0.181643,0.842317,0.272161#
1478277344.67,-0.119735,0.071924,-0.072774,0.158609,1.010438,-0.232504#
1478277344.69,-0.255327,0.218884,0.090739,0.140169,0.676638,-0.061977#
1478277344.71,-0.193314,0.153451,0.085966,0.120545,-0.065684,0.582249#
1478277344.73,-0.208804,0.161426,0.077852,0.097827,-0.646363,1.126642#
1478277344.76,-0.213744,0.171612,0.013956,0.069619,-0.573273,0.945139#
1478277344.78,-0.161915,0.125016,-0.155127,0.040639,-0.015652,-0.043056#
1478277344.80,-0.149239,-0.008364,-0.009381,0.015881,0.367336,0.025856#
1478277344.82,-0.162683,0.033117,0.015510,-0.000726,0.313296,0.490893#
1478277344.84,-0.176313,0.036202,0.013634,-0.013951,0.163403,0.656539#
1478277344.86,-0.224374,0.047055,0.050147,-0.024409,0.126778,0.509622#
1478277344.88,-0.165292,0.037992,0.016001,-0.032964,0.114896,0.220254#
1478277344.90,-0.145173,0.019956,0.045251,-0.039434,0.050570,0.336999#
1478277344.92,-0.152806,0.021450,0.043916,-0.041875,0.135890,0.327169#
1478277344.95,-0.162659,0.051864,-0.018218,-0.043299,0.300110,0.170380#
1478277344.97,-0.147135,0.039380,0.017539,-0.046052,0.365219,0.135448#
1478277344.99,-0.156085,0.008260,0.032871,-0.049092,0.354344,0.145025#
1478277345.01,-0.170538,0.003702,0.038048,-0.051266,0.271405,0.141606#
1478277345.03,-0.165761,0.003948,0.005515,-0.052655,0.250178,0.053308#
1478277345.05,-0.063301,0.021441,-0.019783,-0.043828,0.687694,-0.180109#
1478277345.07,-0.077023,-0.019882,0.061507,-0.048215,0.431162,-0.324966#
1478277345.09,-0.047811,0.042468,-0.053782,-0.052102,0.015493,-0.378857#
1478277345.12,-0.038679,0.042845,-0.053357,-0.056023,0.043537,-0.463706#
