@ HyperIMU - rohanrodrigues - 2016
@ Date: Fri Nov 04 10:30:03 PDT 2016
@ Sensors: BMI160_accelerometer - BMI160_gyroscope
@ SamplingTime: 100ms

time,accelerometer-x,accelerometer-y,accelerometer-z,gyro-x,gyro-y,gyro-z
1478277170.85,0.0,0.0,0.0,0.0,0.0,0.0#
1478277170.87,-0.028269,-0.041370,0.034218,-1.865269,-0.040864,0.255498#
1478277170.89,-0.047869,-0.048465,0.009013,-1.865176,-0.079514,0.299529#
1478277170.91,-0.063401,-0.040723,-0.015395,-1.863842,-0.143550,0.123849#
1478277170.93,-0.041069,-0.085155,0.025866,-1.866213,-0.074331,0.239015#
1478277170.95,-0.070910,-0.076179,0.002485,-1.870304,-0.054901,0.204297#
1478277170.98,-0.112590,-0.150509,0.007048,-1.875798,-0.097998,0.167647#
1478277171.00,-0.161616,-0.072188,0.007708,-1.879231,-0.214308,0.119403#
1478277171.02,-0.148604,-0.081332,0.003020,-1.884050,-0.253670,0.059414#
1478277171.04,-0.037021,-0.038046,-0.028374,-1.891265,-0.201899,0.315580#
1478277171.06,0.119512,0.120915,-0.073770,-1.900994,-0.256345,0.144643#
1478277171.08,0.114135,0.170507,-0.012529,-1.911228,-0.108923,0.478227#
1478277171.10,0.168462,0.250736,-0.034876,-1.927210,0.092639,0.529860#
1478277171.12,0.128928,0.150064,0.006191,-1.935263,0.020987,0.388474#
1478277171.14,-0.024648,0.043141,-0.042894,-1.936579,0.027583,0.261245#
1478277171.17,0.073812,-0.174973,-0.001856,-1.947168,0.238128,0.240902#
1478277171.19,0.074454,-0.174854,-0.000002,-1.957679,0.113510,0.140013#
1478277171.21,-0.060828,0.046069,0.009459,-1.959301,-0.083183,0.050491#
1478277171.23,-0.023939,-0.020600,-0.010120,-1.963864,-0.090803,0.142803#
1478277171.25,-0.036268,-0.038217,-0.023855,-1.964206,-0.152881,0.064029#
1478277171.27,-0.038847,-0.010234,-0.026790,-1.967927,-0.156048,-0.014900#
1478277171.29,-0.035411,-0.012987,-0.005726,-1.971045,-0.197569,-0.126899#
1478277171.31,-0.022241,-0.010189,0.019452,-1.976723,-0.180032,-0.011392#
1478277171.34,-0.000314,-0.032900,-0.000981,-1.983010,-0.237326,-0.099583#
1478277171.36,-0.018711,-0.065035,-0.010602,-1.983914,-0.388768,-0.352565#
1478277171.38,-0.002760,-0.072206,-0.016488,-1.977540,-0.576131,-0.642087#
1478277171.40,-0.001501,-0.113527,-0.003059,-1.966700,-0.521295,-0.545610#
1478277171.42,-0.065655,-0.124535,-0.007524,-1.968363,-0.262035,-0.458108#
1478277171.44,-0.100824,-0.076530,0.001413,-1.983541,-0.316933,-0.497374#
1478277171.46,-0.067356,-0.086560,-0.001795,-2.018896,-0.326696,-0.670756#
1478277171.48,-0.104441,-0.155904,0.007911,-2.086168,-0.426051,-0.962195#
1478277171.51,-0.039151,-0.207527,0.019191,-2.193036,-0.591605,-1.264858#
1478277171.53,0.019516,-0.252890,-0.002716,-2.375037,-0.604793,-1.519551#
1478277171.55,0.039365,-0.318202,-0.005548,-2.643021,-0.215922,-1.447326#
1478277171.57,-0.022401,-0.336322,0.020961,-2.888831,0.014229,-1.347892#
1478277171.59,0.010807,-0.058541,-0.183727,-3.117755,0.114539,-0.710497#
1478277171.61,-0.014823,-0.210704,0.010089,2.978069,-0.385816,-0.433832#
1478277171.63,-0.032817,-0.158928,0.028656,2.830060,-0.467594,-0.957400#
1478277171.65,-0.015195,-0.158756,0.016309,2.702322,-0.536525,-0.884219#
1478277171.68,-0.013573,-0.171433,0.021637,2.574313,-0.642795,-0.783524#
1478277171.70,-0.022530,-0.168291,0.086924,2.426445,-0.765235,-0.823096#
1478277171.72,0.003223,-0.186199,0.049555,2.291788,-0.858793,-0.632932#
1478277171.74,-0.446486,1.487031,-0.002820,2.163185,-0.464126,-0.362386#
1478277171.76,0.447361,1.898044,0.104987,2.134531,-0.024996,-0.068095#
1478277171.78,-0.035308,-0.479512,-0.099491,2.146855,0.117419,-0.470784#
1478277171.80,-0.061245,-0.010141,0.071385,2.166464,0.026673,0.189217#
1478277171.82,-0.060820,-0.010120,0.070067,2.156555,-0.033963,0.051875#
1478277171.84,0.021235,0.016928,-0.018282,2.165274,0.094117,0.159734#
1478277171.87,-0.007579,0.006847,-0.053250,2.176067,0.066159,0.221279#
1478277171.89,0.021856,-0.009078,-0.017261,2.185905,0.036663,0.100250#
1478277171.91,0.021406,0.000763,0.006592,2.191110,-0.016620,0.180121#
1478277171.93,-0.023027,0.002667,-0.027470,2.197343,0.022799,0.233173#
1478277171.95,-0.046806,0.005442,-0.046506,2.206950,0.048319,0.176329#
1478277171.97,-0.064811,0.016558,-0.068658,2.220155,0.078252,0.200310#
1478277171.99,-0.081787,0.022643,-0.103231,2.245440,0.199207,0.286765#
1478277172.01,-0.093341,0.018396,-0.130551,2.291669,0.359248,0.250942#
1478277172.04,-0.065118,-0.061452,-0.061305,2.352634,0.442688,0.397992#
1478277172.06,-0.051204,0.106594,-0.131425,2.431708,0.644392,0.451651#
1478277172.08,-0.003806,0.012584,-0.130835,2.529389,0.739474,0.165366#
1478277172.10,-0.010110,0.013533,-0.114749,2.623411,0.735210,0.309638#
1478277172.12,-0.085457,-0.049742,-0.170090,2.698694,0.658317,0.309263#
1478277172.14,-0.069995,-0.106671,-0.050776,2.744098,0.468593,0.030696#
1478277172.16,-0.061639,-0.142280,0.045656,2.754893,0.272225,0.131345#
1478277172.18,-0.041886,-0.135284,0.060470,2.751013,0.142819,0.044957#
1478277172.21,0.043490,-0.137821,0.087609,2.738989,-0.162327,-0.009133#
1478277172.23,0.105504,-0.153503,0.060248,2.721069,-0.450790,0.213101#
1478277172.25,0.101216,-0.025029,-0.050712,2.707129,-0.618630,0.350343#
1478277172.27,0.090884,-0.028009,-0.064411,2.692790,-0.717080,0.316363#
1478277172.29,0.064277,0.082434,-0.138088,2.673931,-0.695973,0.432629#
1478277172.31,-0.201050,0.116055,-0.167771,2.654628,-0.466231,0.415561#
1478277172.33,-0.418170,0.022799,-0.159239,2.653407,-0.149712,0.095743#
1478277172.35,-0.384276,-0.104057,-0.026559,2.659107,-0.223381,-0.339259#
1478277172.37,-0.191255,-0.198787,0.045503,2.638693,-0.568669,-0.036228#
1478277172.40,-0.078028,-0.154008,0.079021,2.575632,-0.854317,0.874989#
1478277172.42,-0.018422,-0.014524,0.134850,2.456750,-0.930241,1.677071#
1478277172.44,-0.024280,0.104336,-0.011999,2.273356,-0.874065,1.495723#
1478277172.46,-0.030872,0.103675,-0.029557,1.985902,-0.886128,0.492248#
1478277172.48,-0.011898,0.064089,-0.112690,1.592932,-0.732845,0.380309#
1478277172.50,-0.025185,-0.023865,-0.011045,1.288844,-0.588803,0.189849#
1478277172.52,-0.053229,0.031731,0.116603,1.078698,-0.739557,0.549774#
1478277172.54,-0.051870,0.032581,0.097649,0.843881,-1.031261,1.207701#
1478277172.57,-0.089841,0.068550,-0.069387,0.653810,-1.047134,1.512439#
1478277172.59,-0.059981,0.071151,-0.066245,0.570900,-0.852669,1.592867#
1478277172.61,0.073837,0.054286,-0.032843,0.539273,-0.760403,1.156508#
1478277172.63,0.151729,0.003877,0.005861,0.516857,-0.681165,0.666164#
1478277172.65,0.114087,-0.024765,-0.019666,0.504953,-0.506929,0.174584#
1478277172.67,0.074555,-0.034215,0.033558,0.494173,-0.625947,0.426334#
1478277172.69,0.075794,-0.026800,-0.022170,0.464932,-0.786147,0.992338#
1478277172.71,0.026223,0.017160,-0.055064,0.428008,-0.804583,1.070572#
1478277172.74,0.030611,0.020328,-0.070232,0.392564,-0.814533,0.889359#
1478277172.76,-0.016705,-0.011002,-0.066109,0.366946,-0.785437,0.844965#
1478277172.78,-0.011908,-0.055959,-0.057724,0.351853,-0.781558,1.049873#
1478277172.80,0.002177,-0.055653,-0.102341,0.343243,-0.759201,1.157788#
1478277172.82,0.020040,-0.005289,-0.111120,0.337047,-0.789894,1.043281#
1478277172.84,0.083825,0.035357,-0.127863,0.330808,-0.770812,0.819345#
1478277172.86,0.147426,0.058885,-0.228248,0.323939,-0.680890,0.614573#
1478277172.88,0.297391,0.059359,-0.355444,0.323962,-0.364462,0.555143#
1478277172.91,0.304310,0.060997,-0.356989,0.328102,-0.118391,0.616082#
1478277172.93,0.276279,0.156980,-0.174755,0.319573,-0.223459,0.948784#
1478277172.95,0.042859,0.176181,-0.247959,0.299486,-0.185177,1.230910#
1478277172.97,-0.058090,0.245943,-0.365011,0.287455,0.015295,0.798190#
1478277172.99,0.118104,0.321979,-0.386515,0.295121,0.384316,0.305093#
1478277173.01,0.255367,0.291816,-0.424822,0.315207,0.764660,0.189436#
1478277173.03,0.357435,0.307004,-0.361491,0.349494,1.326514,0.076243#
1478277173.05,0.335559,0.240656,-0.199436,0.398119,1.694129,0.095919#
1478277173.07,0.178386,0.064563,-0.212216,0.459812,2.036641,0.348434#
1478277173.10,-0.196453,-0.025028,-0.406660,0.595768,2.507643,-0.084655#
1478277173.12,-0.461555,0.156519,-0.225066,0.860080,2.393992,0.336058#
1478277173.14,-0.054027,0.285446,0.090773,1.166672,1.932741,1.280231#
1478277173.16,0.097961,0.204151,0.145138,1.486326,1.989656,1.182637#
1478277173.18,0.091792,0.205746,0.188402,1.798632,1.991454,-0.469481#
1478277173.20,0.099995,0.141260,0.238092,2.039113,1.967857,-1.072931#
1478277173.22,0.164755,0.168655,0.258109,2.219321,1.664258,-0.945602#
1478277173.24,0.088355,0.185404,0.069764,2.363860,1.573981,-1.695892#
1478277173.27,-0.049694,0.108207,0.059401,2.494854,1.754199,-1.930070#
1478277173.29,-0.111786,0.012849,0.260706,2.609556,1.550287,-1.783781#
1478277173.31,-0.185262,-0.117243,0.387391,2.703727,1.460524,-1.857796#
1478277173.33,-0.110263,-0.180408,0.483425,2.772792,1.305502,-1.852552#
1478277173.35,-0.109528,-0.174337,0.502342,2.822511,0.950076,-1.423934#
1478277173.37,-0.060744,-0.131050,0.467221,2.863121,0.563072,-1.187908#
1478277173.39,-0.031573,-0.295844,0.329129,2.900713,0.183813,-1.327380#
1478277173.41,-0.041264,-0.404243,0.323498,2.936291,-0.227648,-1.256889#
1478277173.44,-0.061222,-0.431851,0.314756,2.961947,-0.719666,-0.921982#
1478277173.46,-0.084341,-0.426366,0.296867,2.975288,-1.216049,-0.426188#
1478277173.48,-0.090293,-0.366112,0.212575,2.973093,-1.560658,0.011397#
1478277173.50,-0.045087,-0.236058,0.070779,2.950936,-1.725688,0.097608#
1478277173.52,-0.079351,0.040729,-0.309235,2.901506,-1.554860,-0.414373#
1478277173.54,-0.070659,0.036217,-0.337528,2.825008,-1.105730,-1.319896#
1478277173.56,0.038145,0.148881,-0.485151,2.778174,-0.473907,-1.499581#
1478277173.58,0.092259,0.417199,-0.816371,2.820634,0.423299,-1.120992#
1478277173.61,0.007825,0.403196,-0.476162,2.948399,0.836242,-0.530197#
1478277173.63,-0.014845,0.404461,-0.461925,3.098930,0.662401,0.111258#
1478277173.65,0.015976,-0.642901,-0.066295,-3.061749,0.505872,-0.317006#
1478277173.67,0.010494,-0.728458,0.305298,-3.003086,-0.442374,-1.073038#
1478277173.69,-0.130412,-0.192727,0.523600,-3.018024,-1.651330,-0.589602#
1478277173.71,-0.165660,0.853357,0.354277,3.119829,-2.244823,0.122981#
1478277173.73,-0.056562,1.246264,-0.076172,3.038289,-0.775859,1.053617#
1478277173.75,-0.437136,1.644990,-0.680083,3.135436,0.703873,-0.704218#
1478277173.77,-0.410814,-0.817343,0.706090,-3.038998,0.849360,-0.450416#
1478277173.80,-0.586764,-1.381662,0.590170,-3.044658,-0.190070,0.018493#
1478277173.82,-0.582223,-1.383771,0.569398,-3.107282,-1.534142,-0.467260#
1478277173.84,-0.264190,0.093893,0.838631,2.751314,-2.409300,1.393925#
1478277173.86,0.676681,1.525782,0.245725,1.868349,-1.420876,3.653683#
1478277173.88,0.837247,0.545571,-0.127754,1.535545,-1.202672,0.012862#
1478277173.90,-0.025580,-0.268111,-0.032975,0.989166,-1.334124,-0.151038#
1478277173.92,-0.544192,-0.302521,-0.368402,0.685061,-0.844313,0.053213#
1478277173.94,-0.357083,-0.243408,-0.118707,0.660912,-0.437405,-0.284361#
1478277173.97,0.034272,0.128064,0.266407,0.660018,-0.751414,0.017594#
1478277173.99,0.039011,0.129951,0.249356,0.611157,-0.851549,0.581489#
1478277174.01,0.018818,0.099383,-0.016119,0.555415,-0.831590,0.677875#
1478277174.03,0.093628,-0.129210,-0.151800,0.523747,-0.713155,0.801306#
1478277174.05,0.143425,-0.118904,-0.086948,0.507005,-0.666898,0.427572#
1478277174.07,0.116428,-0.086686,0.022239,0.490286,-0.708171,0.257135#
1478277174.09,0.083375,-0.060483,0.080452,0.468590,-0.768044,0.455287#
1478277174.11,0.001475,-0.063372,-0.055066,0.441518,-0.866578,0.445931#
1478277174.14,-0.062738,-0.121444,-0.213873,0.422209,-0.805947,0.343426#
1478277174.16,-0.063044,-0.160746,-0.207378,0.415706,-0.727722,0.331450#
1478277174.18,-0.035790,-0.123226,-0.140929,0.407470,-0.839910,0.410246#
1478277174.20,-0.060953,-0.071371,-0.177492,0.398736,-0.959355,0.261597#
1478277174.22,0.269701,0.123962,-0.205586,0.412289,-0.625308,0.062323#
1478277174.24,0.376387,0.319453,0.044731,0.430244,-0.263691,-0.175624#
1478277174.26,0.375292,0.321993,0.035847,0.414481,-0.556798,0.238381#
1478277174.28,-0.157093,0.237177,-0.535456,0.381729,-0.285909,0.904319#
1478277174.30,-0.069511,0.502838,-0.771531,0.371507,0.553478,0.340514#
1478277174.33,0.187162,0.524026,-0.598887,0.372560,1.310720,0.332186#
1478277174.35,0.292227,0.402249,-0.498875,0.370296,2.046538,1.034643#
1478277174.37,0.100701,0.245255,-0.609330,0.399321,3.036305,0.694828#
1478277174.39,-0.178624,0.254521,-0.400815,0.542080,3.359578,-0.024595#
1478277174.41,-0.581874,0.426936,0.507056,0.882816,2.472802,0.430567#
1478277174.43,-0.587843,0.425512,0.554017,1.491550,1.974006,2.433231#
1478277174.45,-0.345247,0.172413,0.476228,2.174690,2.093438,1.087623#
1478277174.47,0.204520,0.166655,-0.157330,2.543041,2.488322,-1.544622#
1478277174.50,0.431884,0.231543,0.204717,2.710783,1.971134,-0.499595#
1478277174.52,0.237980,0.323840,0.283985,2.828591,1.652308,-0.713411#
1478277174.54,0.068179,0.133028,0.265236,2.925718,1.707490,-1.725967#
1478277174.56,-0.147978,-0.032903,0.301784,3.019998,1.651571,-1.854299#
1478277174.58,-0.327254,-0.181940,0.366179,3.095794,1.181136,-1.515111#
1478277174.60,-0.284354,-0.333735,0.414826,-3.130191,1.138439,-1.621570#
1478277174.62,-0.285867,-0.327734,0.433803,-3.089100,0.806792,-1.384910#
1478277174.64,-0.207537,-0.370853,0.442908,-3.064021,0.390972,-1.389323#
1478277174.67,-0.005453,-0.413586,0.484311,-3.050695,0.017046,-1.112832#
1478277174.69,-0.037077,-0.473178,0.446998,-3.034183,-0.357234,-0.781996#
1478277174.71,-0.039070,-0.477712,0.433406,-3.013566,-0.854792,-0.810506#
1478277174.73,-0.140325,-0.581747,0.378863,-3.000465,-1.451321,-0.992367#
1478277174.75,-0.086422,-0.539104,0.289166,-3.003094,-1.980029,-0.517794#
1478277174.77,-0.096361,-0.318838,0.030290,-3.032315,-2.190413,0.265430#
1478277174.79,-0.026391,0.097058,-0.514041,-3.102755,-1.739203,0.447283#
1478277174.81,0.217593,0.788974,-1.413336,-3.140544,-0.065053,-0.013926#
1478277174.84,0.142905,1.456528,-1.472337,-3.054751,1.322664,-1.949466#
1478277174.86,-0.322093,-0.345741,-0.233164,-2.910413,1.526727,-1.424684#
1478277174.88,-0.538874,-0.378711,0.020995,-2.787919,0.826219,0.547441#
1478277174.90,-0.547234,-0.378498,0.021232,-2.762748,-0.374389,0.358376#
1478277174.92,0.369327,0.731657,0.650053,-2.775449,0.375022,0.706240#
1478277174.94,-0.067580,-0.316899,0.436186,-2.719902,0.629364,0.759916#
1478277174.96,-0.452621,-0.467956,0.333067,-2.674003,-0.222286,-0.846545#
1478277174.98,-0.496205,-0.337051,0.607819,-2.678733,-0.922491,-0.139909#
1478277175.00,-0.451960,0.029353,0.763299,-2.745633,-1.559795,1.705008#
1478277175.03,-0.370945,0.192399,0.739379,-2.790540,-2.493329,2.580986#
1478277175.05,-0.061263,0.440098,0.131114,-2.775284,-2.248903,1.706638#
1478277175.07,-0.054455,0.437141,0.092794,-2.763859,-1.595122,0.479455#
1478277175.09,0.267384,0.205533,0.199675,-2.490443,-1.797552,-0.207019#
1478277175.11,0.020731,-0.194563,-0.019933,-0.289931,-1.338862,-0.080779#
1478277175.13,-0.043231,-0.172000,0.071509,0.122272,-1.042200,-0.527819#
1478277175.15,-0.127785,-0.054552,0.100064,0.229698,-1.141488,0.126534#
1478277175.17,-0.110187,0.025095,-0.024282,0.277580,-1.189930,0.966142#
1478277175.20,-0.065694,-0.037343,-0.164725,0.318890,-0.940760,0.652613#
1478277175.22,0.000332,-0.135026,-0.030574,0.355666,-0.990458,0.738611#
1478277175.24,0.019607,-0.114929,-0.063877,0.375604,-0.935714,0.853135#
1478277175.26,0.039890,-0.107567,-0.093843,0.383682,-0.950231,0.614712#
1478277175.28,0.042042,-0.126610,-0.082392,0.387505,-0.945090,0.545850#
1478277175.30,0.033385,-0.084296,-0.068777,0.390254,-0.944647,0.705433#
1478277175.32,-0.021662,0.017496,-0.196001,0.386810,-0.994402,0.797083#
1478277175.34,-0.012758,0.023367,-0.217060,0.373247,-1.155420,0.779316#
1478277175.37,0.027294,-0.041197,-0.636816,0.366195,-0.935876,0.886976#
1478277175.39,0.311940,0.030828,-0.523958,0.384515,-0.295373,0.439016#
1478277175.41,0.559978,0.113164,-0.204757,0.407445,-0.115167,-0.318747#
1478277175.43,0.629508,0.204674,-0.084224,0.409582,-0.028664,-0.340480#
1478277175.45,0.440166,0.280322,-0.332835,0.394333,0.318553,0.168383#
1478277175.47,0.054971,0.356348,-0.749735,0.380013,1.246473,0.177087#
1478277175.49,-0.009790,0.243715,-0.940287,0.393086,2.421525,0.048832#
1478277175.51,-0.023511,0.230421,-0.876391,0.466575,3.332878,0.518921#
1478277175.53,-0.048250,0.732042,-0.123444,0.613375,2.974703,0.224643#
1478277175.56,-0.772326,0.595084,0.709134,0.855523,2.209393,0.383480#
1478277175.58,-0.811828,0.294630,0.516518,1.864148,1.757718,2.636852#
1478277175.60,-0.704879,0.229884,-0.231827,2.870973,1.999314,1.379828#
1478277175.62,-0.006884,0.228162,-0.304393,2.980246,2.251120,-2.737220#
1478277175.64,0.658481,0.209867,0.191574,3.061715,2.069867,-0.818465#
1478277175.66,0.297005,0.164695,0.163555,3.137479,1.953023,-0.767163#
1478277175.68,0.043693,0.059792,0.475703,-3.092624,1.891941,-2.092865#
1478277175.70,-0.182093,-0.067607,0.549812,-3.036784,1.913305,-2.801951#
1478277175.73,-0.348809,-0.174530,0.574912,-2.982248,1.839023,-2.863925#
1478277175.75,-0.323888,-0.505942,0.555084,-2.935658,1.643273,-2.888733#
1478277175.77,-0.279226,-0.627657,0.570222,-2.904087,0.871824,-2.172129#
1478277175.79,-0.272377,-0.624710,0.577719,-2.887699,0.122451,-1.292267#
1478277175.81,-0.164208,-0.418948,0.499822,-2.877030,-0.441400,-0.775073#
1478277175.83,-0.167625,-0.465058,0.496032,-2.860440,-0.859120,-0.662918#
1478277175.85,-0.220458,-0.537788,0.486942,-2.838576,-1.257185,-0.632615#
1478277175.87,-0.248491,-0.622822,0.457006,-2.813170,-1.820285,-0.271265#
1478277175.90,-0.298263,-0.574245,0.325551,-2.794133,-2.477359,0.667729#
1478277175.92,-0.276228,-0.237144,-0.099867,-2.812534,-2.557239,1.341266#
1478277175.94,0.255186,1.664647,-2.202602,-2.890390,-0.432622,0.746075#
1478277175.96,0.090996,1.223754,-0.868497,-2.889803,1.112423,-1.697584#
1478277175.98,0.082110,1.228642,-0.843760,-2.800899,1.198426,-1.630900#
1478277176.00,-0.877528,-0.193705,0.024157,-2.717164,0.945354,0.799185#
1478277176.02,-0.766655,0.884669,0.376664,-2.742396,-0.111211,0.671061#
1478277176.04,0.311261,0.894464,-0.159813,-2.793698,1.150218,1.275998#
1478277176.07,0.858364,-0.190718,1.500940,-2.725735,0.454555,2.580968#
1478277176.09,-0.213245,-1.030241,1.391115,-2.618357,-1.081461,1.538214#
1478277176.11,-0.763532,-1.113387,0.729453,-2.550773,-1.373390,0.592086#
1478277176.13,-0.254150,0.927882,0.477377,-2.599413,-1.508729,2.139037#
1478277176.15,-0.231827,0.918831,0.432673,-2.696568,-2.118043,3.619850#
1478277176.17,-0.043833,0.718891,0.164671,-2.688377,-2.211475,2.427108#
1478277176.19,0.060951,0.019174,0.186114,-2.360599,-1.898840,1.078455#
1478277176.21,0.026457,-0.122430,0.104284,-1.763021,-1.861093,0.239382#
1478277176.23,0.100480,-0.096362,0.073665,-1.150294,-1.527972,-0.012769#
1478277176.26,0.134448,-0.011392,0.017730,-0.788408,-1.070673,-0.626556#
1478277176.28,-0.097936,-0.086266,-0.050544,-0.567722,-1.074559,0.202348#
1478277176.30,-0.294936,-0.117063,-0.186476,-0.403877,-1.285423,0.544399#
1478277176.32,-0.388343,-0.122707,-0.138135,-0.286046,-1.088158,0.550419#
1478277176.34,-0.126797,-0.250495,-0.002038,-0.163203,-1.030542,0.587690#
1478277176.36,0.110874,-0.230289,0.027110,-0.068917,-1.210935,1.103019#
1478277176.38,0.150146,-0.227347,-0.047102,-0.019113,-1.339758,1.380536#
1478277176.40,0.086623,-0.210821,-0.001970,0.004664,-1.365548,0.985010#
1478277176.43,0.098501,-0.203315,-0.031053,0.020269,-1.488206,0.993954#
1478277176.45,-0.078870,-0.090945,-0.440829,0.025972,-1.469563,0.859292#
1478277176.47,-0.198634,-0.087096,-0.697658,0.033497,-1.084865,0.107728#
1478277176.49,0.091663,0.037050,-0.675098,0.067313,-0.430216,0.243675#
1478277176.51,0.563151,0.212594,-0.361206,0.096361,-0.050645,0.515035#
1478277176.53,0.714512,0.474289,-0.271338,0.077926,0.056903,0.576430#
1478277176.55,0.421048,0.280380,-0.691267,0.045735,1.009507,0.453475#
1478277176.57,0.039138,0.578192,-1.046525,0.041576,2.655272,-0.043579#
1478277176.60,0.028009,0.561316,-0.979881,0.069036,3.420945,-0.541563#
1478277176.62,0.063304,0.571624,-0.328434,0.122408,3.880952,-0.475661#
1478277176.64,-0.460467,1.185716,1.048751,0.017879,2.992991,-0.389102#
1478277176.66,-0.488054,1.184484,1.091521,-1.241365,1.491917,3.132686#
1478277176.68,-1.140998,0.325434,0.076022,-2.312261,1.768391,2.405619#
1478277176.70,0.160150,0.460187,0.113180,-2.848569,2.410458,-0.379643#
1478277176.72,0.684593,0.352336,0.088590,-2.928598,2.151737,-1.387860#
1478277176.74,0.668833,0.359738,0.134523,-2.963782,2.074363,0.261648#
1478277176.76,-0.066849,0.043913,0.347821,-3.012919,2.032510,-1.797691#
1478277176.79,-0.225277,-0.043384,0.487679,-3.028574,2.170723,-2.823575#
1478277176.81,-0.318861,-0.242055,0.541262,-3.027762,2.361413,-3.491933#
1478277176.83,-0.335224,-0.582905,0.578966,-3.026342,1.968744,-3.547514#
1478277176.85,-0.202361,-0.773320,0.581782,-3.039695,1.412016,-3.222334#
1478277176.87,-0.080554,-0.705839,0.611928,-3.052877,0.472267,-1.765158#
1478277176.89,-0.167583,-0.514480,0.710689,-3.057726,-0.220947,-0.609317#
1478277176.91,-0.170084,-0.519453,0.699269,-3.046991,-0.790942,-0.084971#
1478277176.93,-0.256213,-0.527223,0.657452,-3.029493,-1.351255,-0.065066#
1478277176.96,-0.093970,-0.612425,0.429423,-3.003174,-1.966910,-0.295673#
1478277176.98,-0.034319,-0.570334,0.243336,-2.960720,-2.560152,-0.177792#
1478277177.00,-0.078411,-0.262207,-0.251987,-2.906660,-2.957282,0.697067#
1478277177.02,-0.173078,0.562219,-1.285239,-2.883809,-2.036736,1.572536#
1478277177.04,0.074129,1.790978,-2.225960,-2.904113,0.141510,-0.974715#
1478277177.06,-0.098803,1.514836,-0.950385,-2.889393,1.506657,-2.461650#
1478277177.08,-0.717751,-0.654996,-0.076898,-2.830320,1.369376,-1.679181#
1478277177.10,-0.727169,-0.649296,-0.053736,-2.796435,0.801051,0.606315#
1478277177.13,-0.669891,0.257256,0.657525,-2.838414,-0.153868,2.030053#
1478277177.15,0.922199,1.010179,1.126295,-2.833727,0.112734,3.223913#
1478277177.17,-0.191783,-0.557227,1.052910,-2.728431,-0.389726,1.671611#
1478277177.19,-0.211646,-0.557830,1.041998,-2.661074,-0.368604,0.830354#
1478277177.21,-0.882733,-0.779578,0.355206,-2.622324,-1.729364,-1.381960#
1478277177.23,-0.572338,0.197969,1.080137,-2.602551,-3.010312,2.664306#
1478277177.25,0.087781,1.075074,0.583173,-2.476508,-3.164929,5.058722#
1478277177.27,0.364299,0.790190,-0.346712,-1.811966,-2.521438,1.024535#
1478277177.30,-0.068532,0.084783,-0.103823,-1.296056,-1.626422,0.657208#
1478277177.32,-0.342171,-0.259887,-0.107114,-1.019588,-1.365518,-0.298402#
1478277177.34,-0.028944,-0.251741,0.097384,-0.812509,-0.828490,-0.461026#
1478277177.36,-0.067720,-0.108178,0.075287,-0.654621,-0.866658,0.229118#
1478277177.38,-0.059712,-0.105794,0.050605,-0.528678,-1.212525,1.150596#
1478277177.40,0.000765,-0.003422,-0.104265,-0.443315,-1.072432,0.760685#
1478277177.42,0.020010,-0.133116,0.000915,-0.377009,-0.984374,0.452590#
1478277177.44,0.010677,-0.167951,-0.023525,-0.316269,-1.052879,0.959743#
1478277177.46,-0.024272,-0.092251,-0.140392,-0.267520,-1.149606,1.331367#
1478277177.49,-0.055625,-0.023349,-0.211350,-0.226998,-1.196645,1.114103#
1478277177.51,-0.058672,-0.024426,-0.148627,-0.195540,-1.387696,1.350721#
1478277177.53,-0.127532,-0.156501,-0.508633,-0.171345,-1.316861,1.118416#
1478277177.55,-0.112858,-0.148150,-0.532503,-0.144575,-1.127212,0.185496#
1478277177.57,0.064689,-0.078008,-0.672579,-0.099815,-0.658316,-0.059078#
1478277177.59,0.681821,0.307506,-0.084077,-0.071070,-0.287231,-0.049120#
1478277177.61,0.512302,0.331616,-0.387123,-0.096462,-0.410340,0.738514#
1478277177.63,0.503187,0.330540,-0.385939,-0.147264,0.316193,1.127241#
1478277177.66,-0.131767,0.520256,-1.147533,-0.179162,1.688664,-0.044780#
1478277177.68,0.112812,0.579592,-0.791243,-0.207750,2.704494,0.432387#
1478277177.70,-0.071698,0.438030,-0.343519,-0.264471,3.024206,0.936958#
1478277177.72,-0.352707,0.664417,-0.059342,-0.360306,3.004408,-0.211714#
1478277177.74,-0.635877,0.687200,0.708533,-0.570357,2.337086,0.840959#
1478277177.76,-0.965600,0.645542,0.591444,-0.952058,1.871150,2.507492#
1478277177.78,-0.262133,0.202415,-0.287869,-1.652444,2.064106,2.173749#
1478277177.80,0.412577,0.272214,-0.108169,-2.383658,1.857067,-1.076578#
1478277177.83,0.398044,0.275338,-0.060719,-2.768190,2.437651,-0.569050#
1478277177.85,-0.123658,0.091430,0.304423,-2.989601,2.097143,-0.957312#
1478277177.87,-0.139307,0.020664,0.469328,-3.111835,2.203317,-2.312398#
1478277177.89,-0.288089,-0.112473,0.343882,3.117991,2.214487,-2.654345#
1478277177.91,-0.356029,-0.263294,0.373515,3.085850,2.176924,-3.083727#
1478277177.93,-0.342405,-0.460752,0.479083,3.066394,1.849009,-3.126374#
1478277177.95,-0.200616,-0.580167,0.590313,3.054815,1.105904,-2.316437#
1478277177.97,-0.207217,-0.432486,0.624252,3.050643,0.192721,-0.888660#
1478277178.00,-0.205857,-0.433859,0.620618,3.055044,-0.392791,-0.126788#
1478277178.02,-0.221390,-0.367843,0.577285,3.073343,-0.711813,-0.048121#
1478277178.04,-0.245662,-0.558699,0.510260,3.102008,-1.099756,-0.125564#
1478277178.06,-0.215926,-0.626875,0.485808,3.139639,-1.800466,0.103395#
1478277178.08,-0.162747,-0.585116,0.308259,-3.095421,-2.550606,0.629660#
1478277178.10,-0.058887,-0.281344,-0.102096,-3.037687,-2.875913,1.319806#
1478277178.12,0.009456,0.259086,-0.993491,-2.991118,-1.806910,1.776206#
1478277178.14,0.165716,1.188237,-2.353909,-2.985382,0.699767,-0.106322#
1478277178.16,0.003560,1.627069,-1.228728,-2.948122,1.034046,-1.191989#
1478277178.19,-0.447390,0.365212,-0.600739,-2.888748,1.307885,-0.406316#
1478277178.21,-0.902261,-0.238488,-0.068114,-2.851305,0.404970,0.958409#
1478277178.23,-0.037066,0.854359,-0.405377,-2.902613,0.479291,0.328777#
1478277178.25,0.911618,0.208477,1.201738,-2.939171,1.704325,1.183102#
1478277178.27,0.880437,0.213131,1.206836,-2.860566,-0.317356,1.111592#
1478277178.29,-0.778866,-1.168238,0.674075,-2.801243,-0.654518,0.815155#
1478277178.31,-0.807188,-0.259840,0.444122,-2.790501,-1.525766,1.110400#
1478277178.33,-0.422576,0.656941,0.760346,-2.768515,-2.522313,3.681385#
1478277178.36,-0.055274,0.884136,0.313689,-2.580425,-2.738377,3.289543#
1478277178.38,0.065887,0.486910,-0.093229,-2.127106,-2.356192,1.694500#
1478277178.40,-0.024475,0.135121,0.114408,-1.708428,-2.218129,1.717172#
1478277178.42,-0.139571,-0.244850,-0.059231,-1.415971,-1.905876,1.325063#
1478277178.44,-0.095257,-0.212064,-0.021869,-1.240471,-1.314416,0.326380#
1478277178.46,-0.089652,-0.209319,-0.047073,-1.123841,-1.137823,0.349779#
1478277178.48,-0.088151,0.069208,-0.146304,-1.031344,-1.253886,0.990788#
1478277178.50,-0.097737,-0.023335,-0.191475,-0.962006,-1.067638,1.263484#
1478277178.53,-0.065465,-0.117481,-0.116442,-0.902925,-1.075154,1.336647#
1478277178.55,-0.014207,-0.137028,-0.134885,-0.846238,-1.063113,1.086789#
1478277178.57,0.031303,-0.128322,-0.146645,-0.796373,-1.240677,1.517810#
1478277178.59,0.029165,-0.136721,-0.219701,-0.756817,-1.339778,1.629476#
1478277178.61,-0.049850,-0.240650,-0.192810,-0.721815,-1.297130,1.266038#
1478277178.63,-0.031789,-0.231942,-0.217398,-0.687974,-1.199541,0.972158#
1478277178.65,-0.040676,-0.115765,-0.356242,-0.660833,-1.238921,0.652788#
1478277178.67,0.004160,0.132095,-0.844538,-0.636757,-1.015444,0.434961#
1478277178.69,0.433419,0.152325,-0.637411,-0.604145,-0.363328,0.829508#
1478277178.72,0.653135,0.336891,-0.277055,-0.584688,0.084226,0.445939#
1478277178.74,0.575103,0.349278,-0.409717,-0.599403,0.080277,0.716979#
1478277178.76,0.087949,0.130519,-0.992512,-0.625384,0.874731,0.736115#
1478277178.78,-0.130013,0.209252,-1.387184,-0.632494,2.784742,0.278731#
1478277178.80,0.089254,0.579751,-0.716059,-0.632693,3.211004,-0.646470#
1478277178.82,0.014244,0.549153,-0.226094,-0.643515,3.532619,-0.286824#
1478277178.84,-0.145843,0.809026,0.359471,-0.707906,2.703375,0.388651#
1478277178.86,-1.109807,0.648391,0.478179,-0.875184,1.682109,2.834249#
1478277178.89,-1.173699,0.243214,-0.548038,-1.173798,1.634805,2.611910#
1478277178.91,-1.184346,0.240943,-0.504563,-1.679472,2.261757,1.833453#
1478277178.93,0.481195,0.377316,-0.100764,-2.581200,1.803189,-1.356663#
1478277178.95,0.545609,0.328649,0.132708,3.017360,2.163511,-0.024398#
1478277178.97,0.088875,0.082463,0.076317,2.748360,1.957940,-0.508351#
1478277178.99,-0.044972,0.075019,0.330107,2.657372,1.631170,-1.593488#
1478277179.01,-0.304750,-0.049612,0.353711,2.652138,1.582734,-2.298204#
1478277179.03,-0.383798,-0.286820,0.310262,2.665920,1.597029,-3.031023#
1478277179.06,-0.245369,-0.607212,0.474162,2.670430,1.364184,-3.082927#
1478277179.08,-0.235530,-0.602173,0.495889,2.668982,0.637618,-2.194587#
1478277179.10,-0.140473,-0.652756,0.599001,2.672775,-0.138385,-0.792504#
1478277179.12,-0.207085,-0.660694,0.502730,2.686353,-0.511090,-0.282190#
1478277179.14,-0.187687,-0.627542,0.476791,2.704544,-0.820566,-0.422391#
1478277179.16,-0.129000,-0.627044,0.444174,2.736020,-1.328801,-0.483678#
1478277179.18,-0.031367,-0.602638,0.295299,2.800278,-2.018045,-0.401755#
1478277179.20,-0.002640,-0.439094,0.062043,2.922346,-2.564850,0.332386#
1478277179.23,-0.100185,0.000320,-0.648028,3.120971,-2.301235,1.050416#
1478277179.25,0.086058,0.799401,-1.943746,-2.974451,-0.357557,0.536200#
1478277179.27,0.539943,1.945885,-2.106359,-2.938771,0.927784,-1.366846#
1478277179.29,-0.112353,0.967856,-0.852697,-2.995654,1.862999,-1.623872#
1478277179.31,-0.846081,-1.038463,0.051708,-3.021849,1.373519,-1.310310#
1478277179.33,-0.651646,-0.272022,0.351617,-3.035824,0.098204,-0.221444#
1478277179.35,-0.638867,-0.274408,0.345186,-3.087042,-0.213102,1.345528#
1478277179.37,0.519401,1.752069,0.659986,-3.050678,0.262035,2.389125#
1478277179.39,-0.456322,-0.156385,0.749368,-3.007976,0.709118,0.880087#
1478277179.42,-1.036213,-0.998398,0.346052,-2.998015,0.234383,0.428527#
1478277179.44,-1.075515,-0.907498,0.359028,-2.950304,-1.897457,-0.890609#
1478277179.46,-0.850922,-0.126874,1.262516,-2.814571,-2.921515,4.999426#
1478277179.48,-0.117684,0.716861,1.005243,-2.347074,-3.307090,5.368702#
1478277179.50,0.495039,0.495436,-0.127475,-1.736985,-2.819300,0.513041#
1478277179.52,0.285452,-0.112047,0.298449,-1.535914,-2.470279,0.608683#
1478277179.54,0.281073,-0.104044,0.248729,-1.419996,-1.978601,1.434535#
1478277179.56,-0.153687,-0.252763,-0.336240,-1.335407,-1.144104,0.164514#
1478277179.59,-0.244720,-0.114242,-0.362155,-1.260156,-0.959616,-0.199653#
1478277179.61,-0.295896,0.016563,-0.214947,-1.200816,-1.281915,1.070902#
1478277179.63,-0.172080,-0.043447,-0.255791,-1.159953,-1.048082,1.959100#
1478277179.65,-0.090523,-0.153017,-0.126739,-1.117133,-0.962302,1.633444#
1478277179.67,0.022055,-0.238065,-0.087158,-1.074133,-1.057600,1.706584#
1478277179.69,-0.011047,-0.057779,-0.365749,-1.036053,-1.166474,1.854790#
1478277179.71,0.013747,-0.048559,-0.389620,-1.002553,-1.230458,1.661767#
1478277179.73,0.097213,-0.035800,-0.307719,-0.977044,-1.211460,1.200753#
1478277179.76,0.125580,-0.019981,-0.656139,-0.958944,-1.196676,0.866641#
1478277179.78,0.257649,0.142775,-0.774146,-0.937276,-0.943133,0.911870#
1478277179.80,0.281699,0.148102,-0.780148,-0.905040,-0.118534,0.916718#
1478277179.82,0.660297,0.369871,-0.317575,-0.894120,-0.187544,-0.052891#
1478277179.84,0.492488,0.243025,-0.496798,-0.907950,0.209227,0.135900#
1478277179.86,0.109970,0.324227,-0.822614,-0.933651,0.924800,0.299675#
1478277179.88,0.058294,0.482115,-1.113686,-0.960237,1.951697,-0.030608#
1478277179.90,0.130535,0.436458,-0.958954,-0.991023,3.179843,0.796368#
1478277179.92,0.089032,0.869109,-0.348484,-1.057569,3.186903,0.777385#
1478277179.95,-1.037291,0.794717,0.574493,-1.177457,2.436495,0.614106#
1478277179.97,-1.145164,0.298124,0.432920,-1.266158,1.960718,2.384637#
1478277179.99,-1.160539,0.291330,0.478062,-1.448643,2.368354,2.113874#
1478277180.01,0.085369,0.328851,-0.054927,-1.579421,2.558098,-1.835516#
1478277180.03,0.753489,0.289431,-0.028951,-2.106078,2.360751,-1.047253#
1478277180.05,0.304910,0.263595,-0.140492,2.814565,2.303732,-0.431612#
1478277180.07,0.060156,0.107617,0.351128,2.369167,2.122253,-1.456448#
1478277180.09,-0.056848,0.041249,0.354028,2.275334,2.204575,-2.608970#
1478277180.12,-0.296009,-0.106555,0.486870,2.259899,2.014180,-2.774463#
1478277180.14,-0.275249,-0.521376,0.405053,2.258877,2.159898,-3.574310#
1478277180.16,-0.262872,-0.512172,0.445315,2.256072,1.526794,-3.141791#
1478277180.18,-0.178328,-0.642957,0.561180,2.258345,0.373202,-1.444645#
1478277180.20,-0.089702,-0.604957,0.547157,2.256237,-0.470393,0.015788#
1478277180.22,-0.081407,-0.587169,0.454555,2.269333,-0.875967,0.094814#
1478277180.24,-0.132943,-0.609654,0.432817,2.303280,-1.201347,-0.512006#
1478277180.26,-0.112981,-0.649506,0.366330,2.367150,-1.703574,-0.836359#
1478277180.29,-0.141666,-0.648990,0.245355,2.480030,-2.288321,-0.223656#
1478277180.31,-0.172826,-0.353616,-0.098452,2.680821,-2.739820,1.218707#
1478277180.33,0.292903,1.267246,-2.449529,3.022936,-1.741933,1.720448#
1478277180.35,0.286603,1.267505,-2.451403,3.100158,0.781850,-1.477060#
1478277180.37,0.187203,1.782654,-1.338201,3.033254,1.195439,-2.025863#
1478277180.39,-0.684430,-0.222790,-0.440453,2.960684,1.634777,-1.385554#
1478277180.41,-0.647705,-1.028462,0.044390,2.937807,0.856581,-0.505157#
1478277180.43,-0.631745,-0.675247,0.683617,2.937298,-0.811962,1.376264#
1478277180.46,0.896008,1.823905,-0.074434,2.912724,-0.478127,3.204357#
1478277180.48,0.871850,1.827564,-0.063513,2.932775,1.195725,1.921505#
1478277180.50,-0.141118,-0.253569,0.464451,3.000313,0.137438,1.265144#
1478277180.52,-0.921124,-1.032137,0.303019,3.093038,-1.239160,-0.626436#
1478277180.54,-0.815895,0.156684,0.920313,-3.028503,-2.412902,1.901305#
1478277180.56,-0.182596,0.800072,0.816752,-2.647239,-2.952822,5.013219#
1478277180.58,-0.001632,0.905481,-0.088262,-1.979366,-2.621382,3.212409#
1478277180.60,0.322160,0.442405,-0.062905,-1.731123,-1.951329,0.984588#
1478277180.62,0.231219,0.069134,0.205365,-1.639452,-2.047964,0.596955#
1478277180.65,0.043508,-0.180305,-0.099617,-1.546279,-1.634835,0.209424#
1478277180.67,0.044925,-0.110061,-0.167350,-1.481675,-1.254075,-0.233518#
1478277180.69,-0.139109,-0.061290,-0.238988,-1.434709,-1.264637,0.724058#
1478277180.71,-0.261968,-0.026318,-0.221348,-1.400310,-1.201662,1.890498#
1478277180.73,-0.075583,-0.094081,-0.271472,-1.361351,-0.910341,2.084531#
1478277180.75,-0.051834,-0.088625,-0.288787,-1.315007,-0.866221,1.418042#
1478277180.77,0.211968,-0.199093,-0.183147,-1.275466,-1.022463,1.402383#
1478277180.79,0.239115,-0.187971,-0.302573,-1.249678,-1.048848,1.630222#
1478277180.82,0.177299,-0.049237,-0.338962,-1.235555,-0.989514,1.530249#
1478277180.84,0.098933,0.070129,-0.370802,-1.229223,-1.116105,0.839810#
1478277180.86,0.081094,0.101035,-0.563504,-1.231021,-1.206826,0.948355#
1478277180.88,0.097126,0.028495,-0.938393,-1.228399,-0.695970,0.981748#
1478277180.90,0.783818,0.178313,-0.523168,-1.199637,0.148065,0.722533#
1478277180.92,0.792328,0.175868,-0.515337,-1.178188,0.356558,-0.210869#
1478277180.94,0.888386,0.327770,-0.209243,-1.192138,0.291577,-0.505539#
1478277180.96,0.007968,0.278972,-0.785547,-1.213538,0.933343,-0.482156#
1478277180.99,-0.299713,0.287253,-1.181952,-1.220766,1.920798,-0.326914#
1478277181.01,-0.177690,0.249849,-1.125554,-1.214260,2.920345,-0.193973#
1478277181.03,0.006029,0.660670,-0.236780,-1.189189,3.430661,1.176406#
1478277181.05,0.036297,1.240549,0.493639,-1.219476,2.350156,0.810997#
1478277181.07,-0.796331,0.877748,0.837255,-1.310668,1.696567,2.034480#
1478277181.09,-0.839761,0.472058,-0.378860,-1.446548,2.032434,1.426082#
1478277181.11,-0.843184,0.466977,-0.327383,-1.434314,2.524808,1.127256#
1478277181.13,0.143557,0.480558,-0.039191,-1.258525,1.693432,-1.778513#
1478277181.15,0.287912,0.212029,-0.041468,1.317900,2.239119,-0.506684#
1478277181.18,0.064050,0.094238,0.204094,1.603321,2.083692,-1.695686#
1478277181.20,0.061092,0.097802,0.248057,1.675478,2.049201,-2.292418#
1478277181.22,-0.269324,-0.115317,0.417555,1.734907,2.020809,-3.154795#
1478277181.24,-0.235318,-0.326147,0.438882,1.785250,1.964508,-3.450863#
1478277181.26,-0.175408,-0.547983,0.451506,1.822819,1.500281,-3.138574#
1478277181.28,-0.088100,-0.684558,0.511307,1.843561,0.811481,-2.114523#
1478277181.30,-0.097264,-0.616957,0.490377,1.855434,0.071570,-0.975189#
1478277181.32,-0.098831,-0.600225,0.512145,1.878672,-0.415820,-0.629974#
1478277181.35,-0.155243,-0.646816,0.494256,1.918161,-0.697613,-0.793029#
1478277181.37,-0.130637,-0.649236,0.492009,1.973643,-1.184843,-0.725316#
1478277181.39,-0.144032,-0.656154,0.457028,2.055265,-2.000862,-0.016298#
1478277181.41,-0.145396,-0.261572,-0.041220,2.176976,-2.615725,1.143564#
1478277181.43,-0.203424,0.396190,-0.994982,2.339636,-2.239797,2.032079#
1478277181.45,0.049069,0.971744,-2.169226,2.420698,-0.585472,0.478628#
1478277181.47,0.134648,1.364761,-1.666630,2.399279,0.474660,-2.080227#
1478277181.49,-0.197512,0.572734,-0.730454,2.465346,0.854738,-1.908780#
1478277181.52,-0.558737,-0.053775,-0.348978,2.503883,1.027400,-0.545330#
1478277181.54,-0.351853,0.151505,0.576440,2.469529,0.031449,0.684309#
1478277181.56,-0.344923,0.149844,0.562172,2.429443,-0.760721,2.720944#
1478277181.58,0.076569,0.633216,0.139919,2.478448,0.064734,2.461717#
1478277181.60,-0.119346,-0.554211,0.858750,2.598475,-0.075309,1.784849#
1478277181.62,-0.565268,-1.036506,0.636424,2.830004,-1.276307,1.340130#
1478277181.64,-0.936838,-0.596638,0.142737,-3.103929,-1.999188,0.752303#
1478277181.66,-0.406487,0.309582,0.436471,-2.419483,-2.581947,3.059683#
1478277181.69,0.022905,0.804318,0.307140,-1.768779,-2.548403,4.327703#
1478277181.71,0.247266,0.589548,-0.288639,-1.572407,-1.653485,2.119294#
1478277181.73,0.510455,0.132300,-0.163480,-1.581172,-1.654654,-0.475338#
1478277181.75,0.097930,-0.172962,-0.044621,-1.570361,-1.449769,0.201516#
1478277181.77,0.132820,-0.087592,-0.081456,-1.553043,-1.355553,0.110734#
1478277181.79,-0.147381,-0.062176,-0.076318,-1.536381,-1.152096,0.560097#
1478277181.81,-0.174423,0.015727,-0.273778,-1.515085,-1.105177,1.068338#
1478277181.83,-0.160577,0.022546,-0.295282,-1.494066,-1.050903,1.039681#
1478277181.85,0.038773,-0.060693,-0.227492,-1.466687,-1.026371,0.698368#
1478277181.88,0.212123,-0.103235,-0.155019,-1.439940,-1.018755,0.866387#
1478277181.90,0.246899,-0.120029,-0.109487,-1.422584,-1.011398,1.329853#
1478277181.92,0.183337,-0.110400,-0.138952,-1.415599,-1.174548,1.254022#
1478277181.94,0.111737,-0.059217,-0.209439,-1.411846,-1.370835,1.079918#
1478277181.96,0.094898,0.050852,-0.361763,-1.407302,-1.329250,0.933697#
1478277181.98,0.028724,0.076415,-0.847980,-1.404847,-1.208257,0.254392#
1478277182.00,0.252598,0.268243,-0.907862,-1.396476,-0.751608,-0.202132#
1478277182.02,0.265803,0.272690,-0.911684,-1.368882,0.123403,0.091518#
1478277182.05,0.681280,0.387302,-0.272609,-1.351936,0.261891,0.228308#
1478277182.07,0.455525,0.346062,-0.489057,-1.364519,0.214330,0.307916#
1478277182.09,-0.045061,0.376683,-0.839891,-1.391582,0.810428,0.325205#
1478277182.11,-0.058686,0.382988,-1.058977,-1.396901,1.798607,-0.674840#
1478277182.13,0.279957,0.322227,-0.962918,-1.383413,3.042584,-0.127390#
1478277182.15,0.420144,0.618044,-0.590329,-1.361193,3.640381,0.268065#
1478277182.17,-0.566271,0.915041,0.371376,-1.364627,3.024060,-0.343042#
1478277182.19,-0.586295,0.902140,0.423555,-1.371125,2.269762,0.589420#
1478277182.22,-0.852816,0.531128,0.743435,-1.412436,2.218482,3.485512#
1478277182.24,-0.405399,0.250848,-0.207527,-1.420873,2.081850,-0.579195#
1478277182.26,0.268514,0.171184,-0.319748,-0.981738,3.162068,-4.451283#
1478277182.28,0.555266,0.218524,-0.008420,0.478078,2.638100,-1.202214#
1478277182.30,0.343886,0.294849,0.135919,1.019245,2.053235,-0.851615#
1478277182.32,0.210935,0.077817,0.406375,1.277221,2.214568,-2.460282#
1478277182.34,-0.108978,-0.146577,0.510100,1.458621,2.145617,-2.895292#
1478277182.36,-0.278067,-0.356449,0.469918,1.572982,2.035642,-3.267769#
1478277182.39,-0.242137,-0.583648,0.509637,1.651788,1.548136,-3.121360#
1478277182.41,-0.187317,-0.613405,0.560626,1.695451,0.696692,-2.010065#
1478277182.43,-0.106101,-0.643566,0.456599,1.715431,-0.091654,-0.781301#
1478277182.45,-0.042894,-0.636976,0.479853,1.733581,-0.608864,-0.477817#
1478277182.47,-0.049391,-0.641487,0.462281,1.769157,-0.989875,-0.765482#
1478277182.49,-0.151260,-0.703900,0.404333,1.826580,-1.529804,-0.741249#
1478277182.51,-0.208459,-0.600761,0.228204,1.905746,-2.219393,0.188018#
1478277182.53,-0.320284,-0.210767,-0.173955,2.007309,-2.573612,1.662231#
1478277182.55,-0.298152,0.522828,-1.131381,2.068022,-1.694450,1.380822#
1478277182.58,0.107745,1.406805,-2.236097,1.966135,0.623210,-1.420118#
1478277182.60,0.394418,1.506180,-1.364700,2.031377,1.098319,-2.578644#
1478277182.62,-0.456901,-0.609840,-0.249958,2.167325,0.872041,-1.521954#
1478277182.64,-0.471145,-0.607651,-0.235050,2.262228,0.600945,-0.348585#
1478277182.66,-0.319577,-1.063790,0.189106,2.298292,-0.925890,1.267238#
1478277182.68,0.061519,1.354879,0.394505,2.371836,-1.888453,3.253457#
1478277182.70,0.642438,1.392413,-0.969957,2.513615,0.558181,2.309169#
1478277182.72,-0.132084,-0.340186,0.686172,2.525364,0.896328,1.169126#
1478277182.75,-0.764601,-1.359866,0.862001,2.692273,-0.985772,0.383568#
1478277182.77,-0.977182,-1.120978,0.224753,2.952427,-1.939902,-0.112781#
1478277182.79,-1.017016,0.048188,0.657379,-2.833117,-2.753521,3.781818#
1478277182.81,0.374233,1.034966,-0.033216,-2.010264,-2.543297,5.581103#
1478277182.83,0.406601,1.038065,-0.072351,-1.670242,-1.378219,1.144675#
1478277182.85,0.757411,0.505867,-0.188012,-1.657507,-1.795840,-1.129377#
1478277182.87,0.091166,-0.185997,-0.153506,-1.652593,-1.880815,0.084164#
1478277182.89,-0.054518,-0.126800,-0.148360,-1.631860,-1.709861,0.041880#
1478277182.92,-0.050141,-0.119409,-0.178152,-1.610654,-1.275524,0.223178#
1478277182.94,-0.285146,-0.048336,-0.146664,-1.588339,-1.256062,0.943047#
1478277182.96,-0.276683,-0.068246,-0.202665,-1.563999,-1.253703,1.730086#
1478277182.98,-0.081565,-0.095679,-0.240554,-1.529841,-1.039656,1.482684#
1478277183.00,0.106512,-0.122489,-0.166495,-1.493543,-1.004950,1.266392#
1478277183.02,0.221611,-0.152168,-0.201342,-1.469856,-1.231014,1.268977#
1478277183.04,0.214318,-0.034185,-0.314334,-1.458061,-1.377085,0.885861#
1478277183.06,0.280988,0.107265,-0.472701,-1.454156,-1.379079,1.039823#
1478277183.08,0.235165,0.051662,-0.802391,-1.462746,-1.305835,1.281938#
1478277183.11,0.246915,0.062161,-0.819240,-1.470318,-0.790333,0.584685#
1478277183.13,0.580906,0.208005,-0.621984,-1.449686,0.282665,-0.045395#
1478277183.15,0.709875,0.344333,-0.225692,-1.426323,0.349579,-0.499980#
1478277183.17,0.624162,0.414704,-0.228321,-1.429691,0.322561,-0.195970#
1478277183.19,0.188473,0.635243,-0.477277,-1.457716,0.813791,0.111740#
1478277183.21,-0.029909,0.583360,-0.826897,-1.480113,1.662664,-0.443653#
1478277183.23,0.096059,0.454127,-0.665004,-1.505788,2.460613,0.094719#
1478277183.25,-0.563542,0.561446,-0.628688,-1.542448,2.883622,-0.388509#
1478277183.28,-0.583376,0.541766,-0.566869,-1.546450,3.130265,-0.601779#
1478277183.30,-0.797569,0.715577,0.087721,-1.518048,2.731447,1.092589#
1478277183.32,-0.624959,0.400374,0.328996,-1.517314,2.318404,3.269398#
1478277183.34,-0.071776,0.176234,0.097492,-1.455241,2.057097,1.609015#
1478277183.36,0.139548,0.302563,-0.308413,-1.261132,2.358272,-2.074017#
1478277183.38,0.325368,0.321763,-0.046650,0.008714,2.464982,-1.730230#
1478277183.40,0.398134,0.337455,0.246886,0.944100,2.293526,-2.085555#
1478277183.42,0.189026,0.034452,0.318168,1.218569,2.286482,-2.402918#
1478277183.45,-0.012772,-0.203122,0.425664,1.350896,2.146508,-2.797734#
1478277183.47,-0.133413,-0.306170,0.418355,1.432307,2.081594,-3.293756#
1478277183.49,-0.187195,-0.388247,0.565925,1.483046,1.784348,-2.709167#
1478277183.51,-0.184071,-0.613426,0.525268,1.519919,1.031227,-2.077514#
1478277183.53,-0.093544,-0.572306,0.492607,1.548127,0.180585,-1.419178#
1478277183.55,-0.096729,-0.573756,0.487688,1.579638,-0.394752,-0.778482#
1478277183.57,-0.049150,-0.610754,0.407188,1.631601,-0.809573,-0.531840#
1478277183.59,-0.124001,-0.632611,0.384850,1.709419,-1.302864,-0.713605#
1478277183.62,-0.179419,-0.642452,0.299975,1.815556,-1.874835,-0.508110#
1478277183.64,-0.270174,-0.515888,0.121774,1.951749,-2.361109,0.666180#
1478277183.66,-0.369203,0.020850,-0.301613,2.103851,-2.270847,1.723140#
1478277183.68,-0.178963,0.845497,-1.215377,2.193898,-0.792205,0.727499#
1478277183.70,0.017594,0.811820,-1.157792,2.099695,1.265753,-2.097525#
1478277183.72,0.008373,0.814390,-1.131324,2.139933,0.985778,-2.177294#
1478277183.74,-0.323269,-0.099363,-0.436149,2.241215,0.614881,-0.526928#
1478277183.76,-0.299489,-0.579048,0.097064,2.293463,0.137703,-0.239106#
1478277183.78,-0.217936,0.259359,0.435702,2.343688,-1.316234,0.447367#
1478277183.81,0.222933,1.226436,0.078177,2.483715,-1.348420,2.391393#
1478277183.83,0.372663,0.974677,-0.594805,2.570443,1.031081,1.680744#
1478277183.85,-0.268589,-0.570220,0.659113,2.589326,0.195310,1.217224#
1478277183.87,-0.836797,-1.531966,1.054648,2.804469,-1.721480,1.152245#
1478277183.89,-1.253942,0.378597,0.366164,3.116454,-2.146604,0.641840#
1478277183.91,-1.225630,0.376002,0.308885,-2.724021,-2.517235,4.376737#
1478277183.93,0.140354,0.930734,0.759881,-2.230044,-2.191627,5.160716#
1478277183.95,0.702373,0.293018,-0.236230,-1.991226,-1.091355,1.475075#
1478277183.98,0.262561,-0.115168,0.068530,-1.938355,-1.486040,-0.275590#
1478277184.00,0.263953,-0.108650,0.032869,-1.895385,-1.813060,0.497353#
1478277184.02,0.174464,0.036014,-0.027711,-1.869784,-1.584776,0.520528#
1478277184.04,-0.087589,-0.002478,-0.057133,-1.857513,-1.130518,0.804139#
1478277184.06,-0.330734,0.073462,-0.191832,-1.839941,-1.047353,1.028600#
1478277184.08,-0.332997,0.024013,-0.336713,-1.815410,-1.024217,0.984950#
1478277184.10,-0.176632,-0.048019,-0.361335,-1.776300,-0.834396,1.035479#
1478277184.12,0.122378,-0.085905,-0.246994,-1.736254,-0.809474,1.099193#
1478277184.15,0.257808,-0.130455,-0.132728,-1.710981,-0.849217,1.349684#
1478277184.17,0.161735,-0.074475,-0.138789,-1.699216,-0.962632,1.174175#
1478277184.19,0.175404,-0.065266,-0.158548,-1.693435,-1.147363,0.836258#
1478277184.21,0.074921,0.068774,-0.404062,-1.690532,-1.277184,0.833177#
1478277184.23,0.052770,0.088753,-0.600626,-1.691736,-1.195532,0.843150#
1478277184.25,-0.080299,0.113800,-0.741226,-1.695156,-0.906866,0.554096#
1478277184.27,-0.039924,0.166091,-0.826295,-1.680891,-0.315355,0.079558#
1478277184.29,0.447850,0.206356,-0.555969,-1.640008,0.567056,-0.168228#
1478277184.31,0.750758,0.304897,-0.074710,-1.612955,0.184092,-0.340073#
1478277184.34,0.303581,0.286727,-0.372500,-1.628494,-0.204706,0.452231#
1478277184.36,0.296415,0.286634,-0.374473,-1.669498,-0.249760,1.057986#
1478277184.38,-0.154041,0.415186,-1.022717,-1.696501,0.685437,0.076264#
1478277184.40,0.075251,0.343286,-0.978403,-1.706655,1.767392,0.068585#
1478277184.42,0.261728,0.299779,-0.637208,-1.712078,2.582353,0.569471#
1478277184.44,-0.015122,0.635040,-0.570667,-1.707866,3.490598,0.187990#
1478277184.46,-0.325556,0.742092,0.075197,-1.693035,3.079562,-0.841673#
1478277184.48,-0.651122,0.648144,0.468844,-1.678283,2.626699,0.363782#
1478277184.51,-0.891979,0.550077,0.445823,-1.654909,2.794825,2.433640#
1478277184.53,-0.408894,0.278919,-0.099169,-1.424879,2.729748,-1.008944#
1478277184.55,0.053847,0.205245,-0.054547,-0.794047,2.267226,-2.057416#
1478277184.57,0.318151,0.212074,-0.130752,-0.026364,2.298009,-0.733790#
1478277184.59,0.306166,0.128600,0.314528,0.509772,2.190264,-1.365301#
1478277184.61,0.061141,-0.065502,0.500312,0.836719,2.284222,-1.940576#
1478277184.63,0.053422,-0.059679,0.545319,1.038027,2.233788,-2.210337#
1478277184.65,-0.199353,-0.424787,0.431682,1.167933,1.986576,-2.300076#
1478277184.68,-0.135888,-0.607704,0.470808,1.254286,1.487353,-2.218994#
1478277184.70,-0.108149,-0.706570,0.496189,1.307370,0.724678,-1.331142#
1478277184.72,-0.040306,-0.680767,0.430069,1.339796,0.012493,-0.707768#
1478277184.74,0.017976,-0.638489,0.389572,1.371042,-0.514538,-0.613355#
1478277184.76,-0.011473,-0.628039,0.361718,1.418835,-0.993039,-0.875198#
1478277184.78,-0.016279,-0.654602,0.220782,1.490540,-1.572369,-0.910229#
1478277184.80,-0.033493,-0.662028,0.181389,1.598001,-2.053952,0.004535#
1478277184.82,-0.116333,-0.466709,-0.102044,1.743504,-2.146129,1.476089#
1478277184.85,-0.298633,0.998095,-1.630599,1.873961,-1.234015,1.339384#
1478277184.87,0.009255,1.313498,-1.663189,1.857888,0.084706,-1.183779#
1478277184.89,0.009068,1.314232,-1.654324,1.857943,0.451192,-1.450591#
1478277184.91,-0.419784,-0.394201,-0.430869,1.937465,0.446838,-0.562519#
1478277184.93,-0.276241,-0.781530,-0.083053,2.002266,0.246183,-0.307607#
1478277184.95,-0.281199,-0.782333,-0.093810,2.088363,-1.188372,0.312481#
1478277184.97,-0.188070,0.420776,0.373180,2.431921,-2.469593,1.794599#
1478277184.99,0.263383,1.825874,0.201238,3.064526,-1.504847,4.153519#
1478277185.01,0.133250,0.645507,-0.988130,2.918239,1.581563,2.441787#
1478277185.04,-0.753525,-0.643871,0.655521,2.727716,0.251632,1.045814#
1478277185.06,-1.102843,-1.394392,0.695022,2.923345,-1.647241,0.771643#
1478277185.08,-1.011989,-1.000327,0.193193,-2.914178,-2.729190,1.362204#
1478277185.10,0.401146,1.166775,0.810576,-2.364228,-3.448101,5.736115#
1478277185.12,0.454875,1.174388,0.750955,-2.072786,-1.819702,4.576749#
1478277185.14,1.046135,1.121500,-0.040500,-2.007345,-1.478379,-0.622476#
1478277185.16,0.107350,-0.137575,-0.313905,-2.021855,-1.476197,-0.321353#
1478277185.18,0.024279,-0.147274,-0.143417,-2.016277,-1.548510,-0.275925#
1478277185.21,-0.171487,-0.136998,-0.215108,-2.009682,-1.198053,0.606874#
1478277185.23,-0.301974,-0.007945,-0.171927,-2.000329,-1.107644,1.827072#
1478277185.25,-0.255411,0.075060,-0.285568,-1.982638,-0.871243,2.191589#
1478277185.27,-0.028845,-0.003520,-0.223759,-1.956390,-0.759347,1.676881#
1478277185.29,0.274897,-0.186824,-0.185863,-1.933427,-0.795330,1.399691#
1478277185.31,0.295870,-0.178631,-0.200122,-1.922325,-0.954914,1.578515#
1478277185.33,0.196243,-0.126599,-0.281744,-1.917880,-1.063411,1.392928#
1478277185.35,0.124287,0.132407,-0.361729,-1.911625,-1.099903,0.986204#
1478277185.38,0.285306,0.081842,-0.570551,-1.905291,-1.138749,0.560827#
1478277185.40,0.299055,0.093839,-0.588601,-1.901967,-0.941150,0.456718#
1478277185.42,0.583720,0.234422,-0.815286,-1.890344,-0.045702,0.480834#
1478277185.44,0.670187,0.247196,-0.365925,-1.876322,0.315868,0.759168#
1478277185.46,0.533438,0.390152,-0.239353,-1.879939,0.132822,0.782420#
1478277185.48,0.271838,0.331158,-0.493169,-1.909451,-0.267866,0.315885#
1478277185.50,0.018584,0.296858,-1.111649,-1.934029,0.798345,0.099140#
1478277185.52,0.145372,0.339791,-1.138434,-1.924923,2.165205,0.335248#
1478277185.55,0.330575,0.621205,-0.511449,-1.916206,2.489763,0.554095#
1478277185.57,0.310777,0.597373,-0.454453,-1.905139,3.063582,0.205457#
1478277185.59,-0.039037,0.777145,-0.300291,-1.871427,3.095754,-0.481865#
1478277185.61,-0.806757,0.683579,0.342732,-1.827239,2.647656,-0.035053#
1478277185.63,-1.007845,0.681439,0.129336,-1.746093,2.804011,2.012600#
1478277185.65,-0.147230,0.302272,0.080448,-1.413882,2.823012,0.596467#
1478277185.67,0.312210,0.312426,0.221618,-1.019460,1.728131,-1.494254#
1478277185.69,0.422025,0.359406,-0.367071,-0.504622,2.485247,-1.477281#
1478277185.71,0.184791,0.302615,0.167625,0.045168,2.373529,-1.507969#
1478277185.74,0.128704,-0.085039,0.507667,0.390362,2.413358,-2.566879#
1478277185.76,0.121560,-0.078706,0.554297,0.613273,2.371688,-2.907865#
1478277185.78,-0.018960,-0.282693,0.571326,0.756252,2.151026,-3.268274#
1478277185.80,-0.018198,-0.738912,0.601261,0.850111,1.631589,-2.975170#
1478277185.82,-0.075050,-0.751080,0.509561,0.905015,0.697424,-1.667030#
1478277185.84,-0.076208,-0.750305,0.512638,0.938650,-0.017209,-1.044282#
1478277185.86,-0.070107,-0.702528,0.480688,0.975928,-0.626528,-0.844971#
1478277185.88,-0.080922,-0.695530,0.457187,1.029779,-1.231273,-0.850049#
1478277185.91,-0.092869,-0.659540,0.372636,1.102002,-1.848307,-0.786600#
1478277185.93,-0.114396,-0.608934,0.262870,1.196550,-2.325850,0.049122#
1478277185.95,-0.201653,-0.227772,-0.040763,1.316869,-2.376359,1.612832#
1478277185.97,-0.214357,0.503085,-0.861255,1.415097,-1.230641,1.646922#
1478277185.99,0.291586,1.511473,-1.785111,1.315821,0.790405,-1.950275#
1478277186.01,0.290360,1.513235,-1.763435,1.351836,0.957704,-2.318202#
1478277186.03,-0.121310,0.083421,-0.416262,1.468858,0.952709,-0.780302#
1478277186.05,-0.178844,-0.743030,0.129766,1.521446,0.696860,-0.532724#
1478277186.08,-0.180252,-0.743381,0.126677,1.550621,-0.824265,-0.411414#
1478277186.10,0.125364,-0.416179,0.414379,1.682898,-1.970295,1.173212#
1478277186.12,0.195393,1.134639,0.175601,2.017934,-1.282442,3.888609#
1478277186.14,-0.564394,0.354809,-0.430867,2.119810,0.639976,3.058782#
1478277186.16,-1.294169,-0.767733,-0.018862,2.047249,0.891511,0.975996#
1478277186.18,-1.362317,-1.191428,-0.034730,2.092004,-0.926018,-1.754738#
1478277186.20,-0.393915,-0.532968,0.557142,2.432094,-2.506740,2.608778#
1478277186.22,0.403384,0.490063,1.240729,-3.026750,-3.205143,7.396006#
1478277186.24,0.226015,0.789300,0.258637,-2.567628,-1.838617,4.211350#
1478277186.27,0.570283,0.792659,-0.446198,-2.389663,-1.018381,-0.484271#
1478277186.29,0.594380,0.140459,0.100045,-2.335281,-1.712550,-0.397536#
1478277186.31,0.271794,-0.026345,-0.241177,-2.289891,-2.006736,0.046635#
1478277186.33,-0.054785,-0.145541,-0.176057,-2.270239,-1.493925,-0.372333#
1478277186.35,-0.049239,-0.138520,-0.202307,-2.245797,-1.171893,-0.066128#
1478277186.37,-0.272238,0.082718,-0.237878,-2.208872,-0.957869,0.445438#
1478277186.39,-0.085280,-0.016604,-0.244280,-2.163321,-0.853164,0.435114#
1478277186.41,0.080179,-0.173978,-0.213910,-2.127571,-1.126948,1.375012#
1478277186.44,0.143876,-0.252328,-0.212683,-2.109047,-0.974612,1.933074#
1478277186.46,0.068555,-0.234053,-0.224704,-2.102216,-1.030367,1.264287#
1478277186.48,-0.044742,-0.109439,-0.289899,-2.091225,-1.120659,0.299867#
1478277186.50,0.177169,0.172473,-0.327601,-2.074928,-1.107900,0.152827#
1478277186.52,0.192838,0.184557,-0.348573,-2.063652,-1.199104,0.613031#
1478277186.54,0.291692,0.172256,-0.567645,-2.062952,-0.925422,1.182506#
1478277186.56,0.285597,0.148159,-0.612062,-2.059094,-0.224375,1.133506#
1478277186.58,0.438082,0.177480,-0.407091,-2.049806,0.160315,0.629307#
1478277186.61,0.632645,0.296456,-0.200587,-2.035118,0.198486,0.169917#
1478277186.63,0.646295,0.375488,-0.295516,-2.041746,-0.221503,0.470841#
1478277186.65,0.344105,0.337473,-0.732833,-2.069801,0.075297,0.719230#
1478277186.67,0.178451,0.537378,-1.005147,-2.083122,1.185991,-0.022346#
1478277186.69,0.323191,0.282958,-0.583862,-2.082682,1.999612,-0.251736#
1478277186.71,0.299905,0.262489,-0.539505,-2.088950,2.481203,-0.187985#
1478277186.73,-0.106932,0.381349,-0.633120,-2.078076,3.211297,-0.502418#
1478277186.75,-0.777941,0.728138,0.350165,-2.017869,3.115373,-0.272956#
1478277186.78,-0.965153,0.656799,0.478928,-1.953687,2.569043,2.110127#
1478277186.80,-0.969284,0.649948,0.534482,-1.804234,2.331679,3.027861#
1478277186.82,0.089842,0.222162,-0.112531,-1.484689,1.847980,0.618158#
1478277186.84,0.425501,0.343140,-0.225461,-1.003680,2.173060,-2.522875#
1478277186.86,0.339491,0.398106,0.019215,-0.417406,2.453965,-0.930982#
1478277186.88,0.271386,0.239077,0.238109,-0.056270,2.090121,-1.541458#
1478277186.90,0.207962,0.019403,0.375861,0.180701,2.200559,-2.275054#
1478277186.92,0.036188,-0.159384,0.453237,0.342288,2.096672,-2.429915#
1478277186.94,-0.086331,-0.597793,0.497203,0.462449,1.887364,-2.654012#
1478277186.97,-0.083172,-0.590969,0.525476,0.544888,1.335606,-2.398850#
1478277186.99,-0.114164,-0.751609,0.562764,0.590134,0.526230,-1.550819#
1478277187.01,0.023952,-0.611762,0.461022,0.612335,-0.123392,-0.946331#
1478277187.03,0.059616,-0.629515,0.435790,0.636976,-0.729944,-0.578257#
1478277187.05,0.026998,-0.629948,0.355043,0.678758,-1.239425,-0.653096#
1478277187.07,0.014908,-0.634456,0.274811,0.744441,-1.762382,-0.666916#
1478277187.09,-0.029716,-0.560762,0.136765,0.843203,-2.140093,0.147237#
1478277187.11,-0.220148,-0.069214,-0.217486,0.829231,-2.011920,1.556011#
1478277187.14,-0.043172,1.544243,-2.049497,0.811989,-0.636936,1.433645#
1478277187.16,-0.035238,1.544830,-2.044316,0.742698,0.627292,-1.528003#
1478277187.18,0.371596,1.055245,-1.187298,0.811784,0.863599,-2.229721#
1478277187.20,-0.376607,-0.347466,-0.311841,0.928035,0.781350,-0.885456#
1478277187.22,-0.247070,-0.779403,-0.042142,1.001441,0.599809,-0.335766#
1478277187.24,-0.248101,-0.779876,-0.045484,1.010708,-0.785089,0.204189#
1478277187.26,0.319388,0.095800,0.677961,1.036736,-2.103577,2.408296#
1478277187.28,0.181483,0.687698,0.770404,1.275227,-1.943038,5.046598#
1478277187.31,-0.503786,0.827658,-1.340863,1.346348,1.034560,2.024752#
1478277187.33,-0.771728,-0.294932,0.166798,1.399236,-0.451335,-0.748246#
1478277187.35,-0.922363,-1.048396,0.387138,1.777617,-2.142278,-0.263215#
1478277187.37,-0.572352,-0.696823,0.426815,-2.798728,-3.332513,3.871556#
1478277187.39,0.474782,0.714253,0.315648,-2.314118,-2.812426,6.788504#
1478277187.41,0.804751,0.902575,0.002489,-2.143617,-0.782801,2.111915#
1478277187.43,0.810317,0.907070,-0.025626,-2.159405,-1.813520,-2.188953#
1478277187.45,0.135655,-0.081368,-0.214777,-2.222996,-1.822350,-0.579416#
1478277187.47,0.046857,-0.162586,-0.241939,-2.271990,-1.548725,0.244513#
1478277187.50,-0.258680,-0.156673,-0.080821,-2.321377,-1.277004,1.249498#
1478277187.52,-0.405427,-0.012321,-0.080996,-2.235956,-1.180004,2.116969#
1478277187.54,-0.164246,0.028505,-0.104748,-2.247898,-1.249286,2.047378#
1478277187.56,0.051335,-0.054788,-0.292427,-2.241749,-0.963393,1.356167#
1478277187.58,0.464929,-0.162956,-0.135807,-2.224326,-0.737053,1.290389#
1478277187.60,0.486128,-0.155165,-0.146265,-2.216693,-0.904601,1.364661#
1478277187.62,0.404576,0.002132,-0.169803,-2.226288,-1.222254,0.913252#
1478277187.64,0.283119,0.176423,-0.366925,-2.241591,-1.171397,0.835637#
1478277187.67,0.307320,0.059070,-0.534903,-2.252835,-0.897183,0.795014#
1478277187.69,0.247052,0.154256,-0.696855,-2.260010,-0.658505,0.400979#
1478277187.71,0.398382,0.137507,-0.587228,-2.257330,-0.149278,0.501878#
1478277187.73,0.466445,0.308439,-0.374392,-2.250901,0.089851,0.758695#
1478277187.75,0.497055,0.432542,-0.297813,-2.250984,0.189813,0.684767#
1478277187.77,0.346973,0.363289,-0.391767,-2.273320,0.124567,0.459908#
1478277187.79,0.115114,0.430006,-0.828298,-2.284041,1.105764,0.161802#
1478277187.81,0.248683,0.331293,-0.875145,-2.260021,2.057500,0.230440#
1478277187.84,0.445752,0.439411,-0.561596,-2.221059,2.450303,-0.244513#
1478277187.86,0.037074,0.594243,-0.438539,-2.146176,3.276046,-0.967531#
1478277187.88,0.019489,0.579218,-0.374527,-1.992863,3.137362,-1.100682#
1478277187.90,-0.482384,0.651454,0.556588,-1.777025,2.776387,0.748572#
1478277187.92,-0.627268,0.498275,0.254770,-1.453145,2.766190,2.125043#
1478277187.94,-0.218232,0.215238,0.280854,-1.082289,2.103882,-0.127317#
1478277187.96,0.077440,0.302072,0.042605,-0.794669,2.022629,-2.486942#
1478277187.98,0.266462,0.348416,-0.186677,-0.525200,2.610602,-1.516777#
1478277188.01,0.289196,0.327617,0.314499,-0.314527,2.292031,-1.278416#
1478277188.03,0.197804,-0.159542,0.570169,-0.141569,2.473844,-2.374758#
1478277188.05,0.023526,-0.395751,0.480239,0.005768,2.344846,-2.311090#
1478277188.07,0.025009,-0.384735,0.520405,0.126277,2.287174,-2.824816#
1478277188.09,-0.014636,-0.654467,0.708618,0.217812,1.653346,-2.500373#
1478277188.11,-0.002045,-0.708021,0.589273,0.267546,0.713285,-1.462616#
1478277188.13,0.021079,-0.599425,0.570126,0.289982,0.053425,-0.971141#
1478277188.15,0.039343,-0.573579,0.544468,0.302877,-0.568825,-0.829573#
1478277188.17,0.022330,-0.620737,0.497775,0.314651,-1.220351,-0.860121#
1478277188.20,-0.008535,-0.653832,0.385623,0.322188,-1.906693,-0.384538#
1478277188.22,-0.092372,0.045049,-0.403956,0.316669,-2.335577,0.827662#
1478277188.24,-0.110694,0.034977,-0.446009,0.278569,-1.884144,1.761667#
1478277188.26,-0.223324,0.988942,-1.712552,0.231746,0.282662,-0.074734#
1478277188.28,0.270663,1.167599,-0.751795,0.271935,1.009213,-1.752312#
1478277188.30,-0.080143,-0.019974,-0.393935,0.373082,1.308817,-1.337219#
1478277188.32,-0.314500,-0.694146,-0.076242,0.465159,0.751623,-1.206814#
1478277188.34,-0.142051,-0.840801,0.298477,0.495224,-0.304872,-0.686965#
1478277188.37,0.128027,-0.495276,0.716045,0.462025,-1.782592,1.149176#
1478277188.39,0.325602,-0.078111,0.663150,0.419459,-2.398275,3.691086#
1478277188.41,0.075923,0.777616,0.303289,0.416739,-1.073322,4.150157#
1478277188.43,-0.391306,0.894482,-1.245295,0.523288,1.241915,1.367026#
1478277188.45,-0.782191,-0.412016,0.339600,0.574406,-0.502958,0.275368#
1478277188.47,-0.203123,-0.862859,0.334912,0.503377,-2.229400,0.109633#
1478277188.49,0.287993,0.365569,0.911670,0.187554,-3.692889,2.748711#
1478277188.51,0.310683,0.365885,0.843319,-1.793093,-2.660812,5.252131#
1478277188.54,0.720705,0.727103,0.130942,-1.782289,-0.434905,2.257861#
1478277188.56,0.560348,0.252168,0.042538,-1.881617,-1.435232,-1.856636#
1478277188.58,-0.015370,0.046469,0.026924,-2.093371,-1.989846,-1.502048#
1478277188.60,-0.050565,0.086845,-0.112679,-2.217517,-1.979693,-0.366646#
1478277188.62,-0.273158,0.009494,-0.189761,-2.313164,-1.433004,1.196098#
1478277188.64,-0.439086,-0.076586,-0.135228,-2.358512,-1.247349,2.129630#
1478277188.66,0.012167,-0.115734,-0.042845,-2.365360,-1.110998,2.311574#
1478277188.68,0.037380,-0.108208,-0.060293,-2.355008,-1.149124,2.000685#
1478277188.71,0.355138,-0.194451,0.078799,-2.359674,-1.291187,1.772675#
1478277188.73,0.346668,-0.249570,-0.298697,-2.382464,-1.297024,1.210464#
1478277188.75,0.206480,-0.076462,-0.353444,-2.402445,-1.139876,0.775923#
1478277188.77,0.226517,0.095582,-0.361614,-2.418179,-1.105025,0.775649#
1478277188.79,0.281205,0.150720,-0.463758,-2.435017,-1.086904,0.753592#
1478277188.81,0.378532,0.143064,-0.625897,-2.448134,-0.780435,0.766795#
1478277188.83,0.475372,0.129985,-0.587278,-2.448767,-0.194921,0.488355#
1478277188.85,0.526268,0.259408,-0.334615,-2.444157,0.086218,0.258105#
1478277188.87,0.563398,0.405501,-0.211803,-2.448790,0.017760,0.196009#
1478277188.90,0.315449,0.352161,-0.246472,-2.490361,-0.163324,0.308476#
1478277188.92,0.181855,0.442598,-0.840707,-2.509231,1.192893,0.036633#
1478277188.94,0.435546,0.471246,-0.453862,-2.495436,1.952367,0.827738#
1478277188.96,0.418336,0.454744,-0.411747,-2.490517,2.011312,0.539259#
1478277188.98,0.023268,0.313935,-0.469966,-2.453391,2.859987,-0.698215#
1478277189.00,-0.335288,0.502703,-0.168470,-2.337574,3.055936,-1.425988#
1478277189.02,-0.588686,0.614200,0.287947,-2.167599,2.700505,-0.003537#
1478277189.04,-0.667767,0.436502,0.348211,-1.869611,2.542453,1.683079#
1478277189.07,-0.140350,0.189883,0.272785,-1.411544,2.633199,0.092446#
1478277189.09,0.086970,0.335808,0.105294,-0.979341,2.747840,-2.728889#
1478277189.11,0.404882,0.274645,-0.026059,-0.782650,2.073127,-1.677434#
1478277189.13,0.409501,0.280946,0.018196,-0.608890,2.208395,-0.097831#
1478277189.15,0.169687,0.194880,0.216660,-0.458349,1.975890,-1.047499#
1478277189.17,-0.018472,-0.132899,0.522968,-0.300960,2.385322,-2.234338#
1478277189.19,-0.006096,-0.314622,0.552659,-0.168560,2.330647,-2.359488#
1478277189.21,0.016779,-0.404763,0.679720,-0.075441,1.920510,-2.292421#
1478277189.24,0.059605,-0.512992,0.686744,-0.016364,1.188640,-1.570847#
1478277189.26,0.097084,-0.542557,0.591132,0.019393,0.644563,-0.906982#
1478277189.28,0.081176,-0.570801,0.483825,0.042808,0.018726,-0.509868#
1478277189.30,0.020314,-0.589771,0.354401,0.062033,-0.502948,-0.281512#
1478277189.32,0.008431,-0.597245,0.338062,0.078069,-1.005510,-0.020113#
1478277189.34,0.023331,-0.577709,0.281420,0.084695,-1.547675,0.234672#
1478277189.36,0.055895,-0.288949,-0.134989,0.070348,-1.929617,0.440736#
1478277189.38,0.116012,0.138967,-0.844062,0.020525,-1.740576,0.158114#
1478277189.40,0.118509,0.136008,-0.859033,-0.012079,0.188876,-0.605867#
1478277189.43,0.546231,1.659728,-1.301006,0.052227,1.525345,-1.345119#
1478277189.45,0.066592,0.784505,-0.556947,0.135657,1.447117,-1.847546#
1478277189.47,-0.351576,-0.639994,-0.206424,0.222771,1.071012,-1.901821#
1478277189.49,-0.237694,-1.312331,0.122020,0.265641,0.286926,-1.530183#
1478277189.51,-0.328015,-0.515499,0.990985,0.224378,-1.716528,0.720235#
1478277189.53,-0.701646,1.408838,0.910402,0.093420,-1.165986,2.780214#
1478277189.55,0.106764,1.901824,-0.391878,0.149197,2.259381,0.465626#
1478277189.57,-0.139025,-0.304590,0.604652,0.273016,0.775112,-0.369067#
1478277189.60,-0.352572,-0.934454,1.474934,0.279953,-1.262442,1.005253#
1478277189.62,-0.093315,0.045802,0.717688,0.202415,-1.563774,1.481397#
1478277189.64,-0.087720,0.037896,0.683001,0.086349,-1.909349,2.608060#
1478277189.66,0.305388,0.377326,0.347948,-0.029273,-1.546930,2.220172#
1478277189.68,0.390748,0.395820,0.171731,-0.139915,-1.648968,0.876651#
1478277189.70,0.172655,-0.054996,0.132485,-0.249439,-2.006209,0.635361#
1478277189.72,0.168530,-0.059174,0.093588,-0.442400,-1.828360,1.189389#
1478277189.74,0.074969,-0.067724,-0.165489,-0.773329,-1.544399,0.674969#
1478277189.77,0.133500,-0.300203,0.056835,-1.086517,-1.275311,0.408193#
1478277189.79,0.094730,-0.360237,0.034201,-1.322611,-0.878821,0.216736#
1478277189.81,-0.115083,0.148304,0.010798,-1.470976,-0.748681,-0.079798#
1478277189.83,0.092564,0.022734,-0.056112,-1.612239,-0.818825,-0.272344#
1478277189.85,0.087050,0.083378,-0.120000,-1.724615,-0.668377,0.183339#
1478277189.87,-0.071172,0.022120,-0.168656,-1.828954,-0.659008,0.731585#
1478277189.89,-0.071254,0.022766,-0.177984,-1.913840,-0.473820,1.226708#
1478277189.91,-0.023156,-0.028671,-0.168790,-1.951209,-0.133573,0.968142#
1478277189.94,0.160019,0.149883,0.008984,-1.943601,0.105292,0.543217#
1478277189.96,0.172434,-0.023887,0.113987,-1.933362,0.051138,0.540022#
1478277189.98,0.025856,-0.054426,0.109498,-1.954591,-0.097055,0.605603#
1478277190.00,-0.031478,-0.208315,0.047577,-1.971569,-0.043388,0.456331#
1478277190.02,0.009535,-0.352779,-0.027076,-1.959590,0.085808,0.349025#
1478277190.04,0.065589,-0.297144,-0.070132,-1.926900,0.158020,0.337031#
1478277190.06,0.208324,0.441771,0.091413,-1.906891,-0.064289,0.060648#
1478277190.08,0.206806,0.442038,0.084904,-1.954771,-0.455008,0.039877#
1478277190.10,0.194902,0.248187,0.100312,-2.054888,-0.570892,0.375240#
1478277190.13,-0.080377,-0.235514,0.133569,-2.143884,-0.406187,0.886570#
1478277190.15,-0.161779,0.057570,0.191578,-2.174185,-0.057248,0.848447#
1478277190.17,-0.080207,0.225319,0.138177,-2.166378,-0.185796,0.090787#
1478277190.19,-0.019542,0.103540,-0.015285,-2.187294,-0.430528,-0.277661#
1478277190.21,-0.002395,-0.089164,-0.118518,-2.229868,-0.559538,-0.457793#
1478277190.23,0.021361,-0.330621,-0.058197,-2.271582,-0.587791,-0.573091#
1478277190.25,0.058767,-0.202808,0.058444,-2.290952,-0.443497,-0.320446#
1478277190.27,0.129144,-0.038335,0.060786,-2.291601,-0.200969,-0.007222#
1478277190.30,0.151249,0.100504,0.038197,-2.297531,-0.275931,0.319649#
1478277190.32,0.184457,0.150519,-0.548702,-2.320489,-1.012615,-2.452335#
1478277190.34,0.207007,0.113046,0.136000,-2.339383,-0.392245,-0.774199#
1478277190.36,0.198296,0.113106,0.129819,-2.395922,-0.321260,0.698477#
1478277190.38,0.197972,0.186610,-0.072385,-2.428601,0.331600,1.439850#
1478277190.40,0.065848,0.138968,-0.444174,-2.449838,0.102020,0.197176#
1478277190.42,0.032425,0.058873,-0.182609,-2.466801,0.084557,-0.447145#
1478277190.44,0.039486,0.030740,-0.067116,-2.508867,-0.156929,-0.730388#
1478277190.47,0.125857,0.002152,-0.044933,-2.550739,-0.115361,-0.871683#
1478277190.49,0.213861,-0.037305,0.004051,-2.584956,-0.217433,-0.128494#
1478277190.51,-0.007990,-0.019326,-0.149198,-2.612489,-0.350826,0.643587#
1478277190.53,-0.000877,-0.017643,-0.155067,-2.600804,-0.296292,0.338852#
1478277190.55,-0.075326,0.044791,-0.174281,-2.569343,-0.422977,0.438633#
1478277190.57,0.158035,-0.035842,-0.068156,-2.574526,-0.427384,1.074578#
1478277190.59,0.109651,0.150533,-0.137360,-2.595697,-0.293615,0.733165#
1478277190.61,0.019996,0.136215,-0.304295,-2.632592,-0.287029,0.086255#
1478277190.63,0.046793,0.152471,-0.166186,-2.669338,0.693293,0.192296#
1478277190.66,0.061186,0.254155,-0.168836,-2.685594,1.004041,0.082109#
1478277190.68,0.185256,0.196668,-0.349629,-2.681207,1.179966,-0.518718#
1478277190.70,-0.090947,-0.128848,-0.079439,-2.686148,0.585978,-0.962932#
1478277190.72,-0.113817,-0.149492,0.117230,-2.685755,0.006100,-0.346812#
1478277190.74,-0.013397,0.122452,-0.170320,-2.721026,0.140273,-0.547270#
1478277190.76,0.201270,0.293536,-0.024569,-2.845073,-0.616396,0.031006#
1478277190.78,0.177979,0.080839,-0.126951,-3.000154,-0.342949,0.138279#
1478277190.80,0.153510,0.081684,-0.130034,3.132242,-0.079583,0.374517#
1478277190.83,-0.060002,0.298672,-0.141566,3.020133,-0.033282,0.532570#
1478277190.85,0.043543,0.157763,-0.144954,2.926207,0.141472,0.688899#
1478277190.87,-0.086047,0.018691,0.088404,2.843828,-0.255258,1.214808#
1478277190.89,0.007934,-0.082288,0.219898,2.824435,-0.877168,2.353841#
1478277190.91,0.042258,-0.071022,0.145018,2.867405,-1.317709,3.288927#
1478277190.93,0.014841,-0.085271,-0.424454,2.934454,-1.105604,2.186846#
1478277190.95,-0.016525,-0.271141,-0.285321,2.985130,-0.885250,0.833558#
1478277190.97,-0.008125,-0.268335,-0.295602,3.011405,-0.279678,0.115304#
1478277191.00,0.062728,-0.120615,-0.077627,3.014864,0.484621,0.135690#
1478277191.02,0.078554,0.241932,0.008596,2.985183,0.967068,0.273261#
1478277191.04,0.091580,0.190950,-0.046376,2.929149,1.043382,0.643266#
1478277191.06,0.119350,0.079059,-0.021619,2.862770,0.648216,0.564414#
1478277191.08,0.028593,-0.096400,-0.104288,2.774752,0.520941,0.269218#
1478277191.10,-0.005791,-0.126461,-0.125731,2.697369,0.750902,-0.540160#
1478277191.12,0.105247,-0.134547,-0.012822,2.594409,1.304663,-0.472228#
1478277191.14,0.212200,0.197321,-0.000882,2.392150,2.157081,0.249036#
1478277191.17,0.190725,0.194129,0.048512,2.059984,2.494281,-0.165501#
1478277191.19,0.354483,0.278429,-0.080359,1.567671,3.277045,0.752907#
1478277191.21,-0.219229,0.377473,0.198294,1.176145,2.760929,-0.133627#
1478277191.23,-0.026621,0.228558,0.311732,1.071931,0.346717,-0.205811#
1478277191.25,0.063361,0.077973,-0.258327,1.063806,0.301695,-0.335648#
1478277191.27,0.123123,-0.037856,-0.135251,1.021893,0.598909,-0.399867#
1478277191.29,0.085153,-0.185660,-0.040716,0.986613,0.448018,-0.023823#
1478277191.31,0.113510,0.099442,-0.058021,0.969525,0.370010,0.200032#
1478277191.33,-0.027574,0.396838,-0.063187,0.929152,0.596807,1.049426#
1478277191.36,-0.038030,-0.056203,-0.031233,0.909891,0.403589,1.248130#
1478277191.38,0.040731,-0.138112,-0.185561,0.879616,0.601006,1.181435#
1478277191.40,0.075953,-0.058894,-0.086343,0.849355,0.574767,1.377796#
1478277191.42,0.131620,0.055659,-0.081601,0.826752,0.471325,1.137607#
1478277191.44,0.120340,0.059316,-0.077865,0.810583,0.462868,0.894704#
1478277191.46,0.207830,0.161346,-0.061454,0.802421,0.247528,0.671618#
1478277191.48,0.305249,0.464175,-0.213239,0.809759,-0.111950,0.430127#
1478277191.50,0.335636,0.265026,0.037171,0.822292,0.094437,-0.014322#
1478277191.53,0.006629,0.221587,0.079777,0.843217,-0.033502,-1.181192#
1478277191.55,-0.015377,0.061913,0.153059,0.846001,-0.136692,-1.735012#
1478277191.57,-0.042371,-0.008715,-0.370183,0.921708,-1.280065,-3.746132#
1478277191.59,-0.118659,-0.126648,-0.261865,0.984288,-1.209184,-1.386507#
1478277191.61,-0.114135,-0.130619,-0.278399,1.081636,-2.389750,-4.172527#
1478277191.63,0.304276,-0.084754,-0.250629,1.262028,-2.449852,-3.704336#
1478277191.65,-0.163287,-0.294501,-0.399288,1.415134,-2.160440,-1.094014#
1478277191.67,-0.191086,-0.244200,-0.042293,1.498886,-0.870435,0.922575#
1478277191.70,-0.086837,-0.349903,-0.128096,1.520153,0.011208,0.049139#
1478277191.72,-0.009196,-0.152110,0.025530,1.515357,0.100634,-0.024577#
1478277191.74,0.099566,-0.047591,-0.057901,1.520565,-0.100201,-0.521222#
1478277191.76,0.185391,0.005094,-0.569454,1.505556,0.593571,-1.318688#
1478277191.78,0.196505,0.015483,-0.130755,1.477637,0.500724,-0.761516#
1478277191.80,0.120635,-0.044505,-0.109705,1.461387,0.326545,-0.272989#
1478277191.82,0.082818,-0.097709,-0.229434,1.454863,0.162487,-0.146171#
1478277191.84,-0.085724,-0.127157,-0.509606,1.437924,0.563737,-0.062437#
1478277191.87,0.055357,-0.238494,-0.641040,1.390003,1.157734,-0.333495#
1478277191.89,0.059194,-0.234242,-0.600794,1.306000,2.102448,-1.075637#
1478277191.91,-0.018989,-0.154369,-0.106942,1.195498,2.706140,-1.379186#
1478277191.93,-0.025479,-0.098200,0.336772,1.091897,2.224820,-0.749496#
1478277191.95,0.138519,-0.175333,0.090067,1.032040,1.192411,-1.304341#
1478277191.97,0.026580,-0.234482,-0.373746,0.983096,1.488436,-2.118630#
1478277191.99,-0.010992,-0.210017,-0.378795,0.917147,2.153642,-2.440154#
1478277192.01,-0.218766,-0.113395,-0.122776,0.824462,3.042129,-1.404325#
1478277192.03,0.000301,-0.099765,0.530810,0.727443,3.399187,-1.415724#
1478277192.06,0.034568,-0.073084,0.584989,0.656525,2.170805,-1.459656#
1478277192.08,0.202393,-0.024446,-0.451076,0.600682,3.382792,-2.041327#
1478277192.10,-0.014464,0.018030,0.114222,0.544190,3.232201,-0.668384#
1478277192.12,-0.037706,0.017114,0.034455,0.489730,2.667907,-0.023251#
1478277192.14,0.126394,0.104135,0.095498,0.442284,2.685191,-0.653864#
1478277192.16,0.260345,0.059565,0.085311,0.408833,2.137690,-1.576987#
1478277192.18,0.134212,0.066101,0.028717,0.386342,1.695136,-1.056810#
1478277192.20,-0.212632,-0.027486,-0.440924,0.359247,1.798830,-1.324815#
1478277192.23,0.124861,0.024130,-0.043360,0.332109,1.761662,-1.359423#
1478277192.25,0.156562,0.060104,-0.025401,0.307030,1.911853,-0.829941#
1478277192.27,0.201424,0.052167,0.076235,0.286130,1.854385,-0.389450#
1478277192.29,-0.031078,0.014179,0.110458,0.264977,1.529314,-0.262248#
1478277192.31,-0.038206,0.024128,0.029763,0.238234,1.188862,-0.196021#
1478277192.33,-0.027200,0.049734,0.037929,0.213358,1.150610,-0.004664#
1478277192.35,0.040482,-0.092609,-0.027790,0.197312,1.112171,-0.055770#
1478277192.37,-0.004614,-0.069190,0.046081,0.191339,1.081880,-0.039673#
1478277192.40,-0.062098,-0.034390,0.025983,0.190630,1.112939,-0.014191#
1478277192.42,0.000345,-0.041916,0.049619,0.192082,0.951876,-0.026148#
1478277192.44,0.007838,-0.051379,0.090552,0.194011,0.718741,-0.046044#
1478277192.46,0.039902,-0.065635,0.089195,0.195657,0.605640,-0.022490#
1478277192.48,0.028573,-0.092174,0.092721,0.196719,0.564195,0.097317#
1478277192.50,0.034077,-0.104282,0.072159,0.198668,0.617009,0.110167#
1478277192.52,0.032540,-0.092112,0.074620,0.201199,0.554843,0.036574#
1478277192.54,0.020157,-0.100369,0.143916,0.203372,0.393886,0.010661#
1478277192.56,0.016068,-0.118182,0.123997,0.204286,0.107803,0.008274#
1478277192.59,0.016488,-0.122353,0.103867,0.204723,-0.017313,0.028082#
1478277192.61,0.015423,-0.130351,0.068601,0.205384,0.002089,-0.009628#
1478277192.63,0.013479,-0.131171,0.029386,0.206553,0.098344,-0.028169#
1478277192.65,0.011724,-0.113915,0.040298,0.207347,0.005587,0.014637#
1478277192.67,-0.000397,-0.111990,-0.036633,0.207387,-0.199797,-0.021990#
1478277192.69,0.000648,-0.117925,-0.037763,0.207036,-0.296993,-0.059098#
