@ HyperIMU - rohanrodrigues - 2016
@ Date: Fri Nov 04 10:30:03 PDT 2016
@ Sensors: BMI160_accelerometer - BMI160_gyroscope
@ SamplingTime: 100ms

time,accelerometer-x,accelerometer-y,accelerometer-z,gyro-x,gyro-y,gyro-z
1478277057.77,0.0,0.0,0.0,0.0,0.0,0.0#
1478277057.79,0.341225,-0.072851,-0.044278,1.822221,0.430352,-1.573933#
1478277057.81,0.083595,0.007431,-0.133070,1.879975,0.601591,-1.755463#
1478277057.83,0.083557,0.182391,-0.130581,1.945623,1.104712,-2.391958#
1478277057.85,0.256707,-0.013568,0.092212,2.013683,1.052739,-3.366426#
1478277057.88,0.251356,0.036806,-0.008807,2.086291,0.946119,-3.982251#
1478277057.90,0.118538,0.280915,-0.246896,2.160484,1.693803,-3.932907#
1478277057.92,0.007302,0.061573,-0.210966,2.233769,2.133805,-3.902074#
1478277057.94,0.016683,0.024096,-0.136875,2.303243,2.314192,-3.632386#
1478277057.96,0.173965,0.063346,-0.042848,2.371824,2.225304,-3.383531#
1478277057.98,-0.010151,-0.020481,0.374486,2.431916,1.427992,-1.327106#
1478277058.00,-0.197608,0.014297,-0.281338,2.493145,1.592067,-0.959954#
1478277058.02,-0.312809,-0.023571,0.173325,2.561997,2.019324,-1.554102#
1478277058.05,-0.300389,-0.036405,0.154092,2.623258,1.470754,-1.955777#
1478277058.07,0.490381,-0.044588,-0.018949,2.682239,1.455766,-2.915034#
1478277058.09,0.977440,0.054090,-0.328216,2.768073,2.153031,-5.106597#
1478277058.11,0.637296,0.174080,-0.201825,2.879570,2.325895,-6.640984#
1478277058.13,-1.348583,-0.533596,0.987222,2.934121,0.162816,-5.525629#
1478277058.15,-0.350865,-0.305785,0.459545,2.939741,-0.763562,-3.800831#
1478277058.17,0.393753,-0.187048,-0.074887,2.940007,-0.582576,-4.760498#
1478277058.19,0.432606,-0.005645,0.270161,2.940575,-0.487652,-5.569871#
1478277058.21,0.463629,0.005854,0.739021,2.928494,-0.682343,-4.894221#
1478277058.24,0.399269,-0.061708,0.689989,2.903601,-0.488949,-0.835060#
1478277058.26,-0.070282,-0.132719,0.157460,2.875467,-0.633821,1.373035#
1478277058.28,0.015689,0.050293,0.136782,2.842031,-0.739811,2.995029#
1478277058.30,0.038305,-0.156249,0.375107,2.825928,-0.286440,1.999123#
1478277058.32,-0.111356,-0.107464,-0.120467,2.815368,-0.079331,1.689842#
1478277058.34,-0.489071,0.035360,0.074381,2.799926,-0.806902,1.558700#
1478277058.36,-0.202825,0.053391,-0.375606,2.782469,0.388757,1.704845#
1478277058.38,-0.171129,0.361101,-0.026853,2.824723,0.660821,1.169027#
1478277058.41,-0.177100,0.359524,-0.010503,2.853711,0.208728,0.739064#
1478277058.43,-0.262056,0.412500,0.365781,2.822772,-1.056797,0.914841#
1478277058.45,0.132313,-0.096794,-0.250193,2.746776,-1.777034,-0.356949#
1478277058.47,-0.078787,-0.116304,0.092221,2.608961,-2.719697,-3.154641#
1478277058.49,-0.219144,0.303788,0.894366,2.532905,0.077071,1.336708#
1478277058.51,-0.352792,0.020340,-0.045239,2.571859,0.662267,2.210287#
1478277058.53,-0.081735,-0.100662,-0.124641,2.584758,0.016427,0.447714#
1478277058.55,-0.096872,-0.052384,0.089070,2.591698,0.220905,0.670226#
1478277058.58,0.072736,-0.085666,0.152624,2.606539,0.180057,0.390954#
1478277058.60,0.149997,-0.008710,0.137215,2.603240,-0.090748,0.234140#
1478277058.62,0.092110,0.103637,0.016883,2.594950,-0.125437,0.244485#
1478277058.64,0.057237,-0.401420,-0.020422,2.587956,-0.132063,0.176717#
1478277058.66,0.135417,-0.972138,-0.010979,2.566625,-0.335060,0.594816#
1478277058.68,0.130418,-0.973930,-0.003409,2.571440,0.329412,0.867567#
1478277058.70,0.058858,-0.456610,0.150633,2.602433,0.638454,1.842203#
1478277058.72,0.196614,-0.338731,0.030133,2.664745,0.685235,2.540472#
1478277058.74,0.313335,-0.267337,-0.036899,2.705452,-0.067325,0.974162#
1478277058.77,0.143479,-0.428008,-0.474385,2.753803,0.303361,-2.638605#
1478277058.79,0.174117,-0.073692,-0.320124,2.915948,1.881246,-3.751618#
1478277058.81,-0.020218,0.296591,0.643503,3.094757,0.979344,-0.658351#
1478277058.83,-0.059152,0.164364,0.210274,-2.933756,0.739172,-0.628308#
1478277058.85,-0.138541,0.160135,0.230450,-2.405149,1.256544,0.982129#
1478277058.87,-0.263031,0.294017,0.017700,-1.901783,0.951715,1.771910#
1478277058.89,-0.283211,1.581990,-0.283322,-1.870129,0.129607,0.239742#
1478277058.91,0.012104,-0.383713,0.199616,-1.944551,0.237052,0.142524#
1478277058.94,0.071137,-0.094414,0.162099,-1.989875,0.126977,0.517598#
1478277058.96,0.020865,0.044743,0.101348,-2.015776,-0.005465,0.302520#
1478277058.98,-0.039981,0.029490,0.106054,-2.037379,-0.141640,0.371882#
1478277059.00,-0.082301,-0.029647,0.075275,-2.056228,-0.108800,0.543381#
1478277059.02,-0.077632,-0.137843,0.071333,-2.073812,-0.078754,0.793247#
1478277059.04,-0.080470,-0.137949,0.070342,-2.077509,-0.003382,1.111452#
1478277059.06,-0.059801,-0.077740,0.063650,-2.070720,-0.156955,1.047910#
1478277059.08,-0.262846,0.155400,0.064090,-2.085797,-0.155492,1.019358#
1478277059.11,-0.153827,0.066304,0.129310,-2.133902,0.138309,1.434851#
1478277059.13,-0.150120,0.066612,0.131755,-2.194066,0.151551,1.687727#
1478277059.15,0.028912,0.005260,0.078349,-2.242070,0.033314,1.767298#
1478277059.17,-0.053096,0.027860,0.013138,-2.281124,-0.125078,1.708806#
1478277059.19,-0.092909,0.011598,-0.031505,-2.333687,-0.124429,1.835164#
1478277059.21,-0.062359,-0.020929,-0.019848,-2.398966,-0.111619,1.927337#
1478277059.23,-0.000866,-0.070771,-0.000199,-2.465034,-0.052431,2.116689#
1478277059.25,-0.025878,-0.000166,-0.068501,-2.530045,-0.047341,2.056132#
1478277059.28,-0.099452,0.026963,0.010670,-2.582892,-0.003316,2.141133#
1478277059.30,-0.099841,0.026856,0.009927,-2.626815,-0.051291,2.114500#
1478277059.32,-0.016131,0.065701,-0.023362,-2.658549,-0.079246,1.918260#
1478277059.34,0.040565,-0.016512,0.031443,-2.689697,-0.018876,2.116341#
1478277059.36,-0.066588,-0.000617,-0.015268,-2.707407,-0.045306,2.101188#
1478277059.38,-0.164017,0.003105,-0.098132,-2.710657,-0.026364,1.901089#
1478277059.40,-0.241724,0.020924,-0.152638,-2.702052,0.028049,1.575271#
1478277059.42,-0.233253,0.002912,-0.029968,-2.690395,0.090414,1.603927#
1478277059.44,-0.194685,-0.026158,0.008372,-2.678263,0.154886,1.440205#
1478277059.47,-0.230942,-0.053948,0.023426,-2.663397,0.198057,1.207794#
1478277059.49,-0.237888,-0.053151,0.026691,-2.651212,0.213800,1.182272#
1478277059.51,-0.239645,-0.064432,0.045651,-2.639067,0.166917,1.183755#
1478277059.53,-0.175586,-0.053613,0.120403,-2.631390,0.184978,1.178930#
1478277059.55,-0.161265,-0.095698,0.153125,-2.623020,0.187874,1.071041#
1478277059.57,-0.234015,-0.084537,0.130830,-2.607995,0.138008,0.934243#
1478277059.59,-0.304768,-0.040007,0.088887,-2.588642,0.057361,0.958893#
1478277059.61,-0.342809,0.023580,0.074498,-2.576307,0.080037,1.002926#
1478277059.64,-0.350160,0.053327,0.143490,-2.577988,0.144444,1.116784#
1478277059.66,-0.335816,0.067687,0.210020,-2.585879,0.032569,1.143243#
1478277059.68,-0.343474,0.113932,0.228340,-2.596690,-0.096980,1.094843#
1478277059.70,-0.396319,0.230416,0.202311,-2.618742,-0.284011,1.017541#
1478277059.72,-0.483394,0.245962,0.187058,-2.660750,-0.502267,0.930461#
1478277059.74,-0.418879,0.273834,0.148567,-2.709294,-0.868127,0.776658#
1478277059.76,-0.398251,0.270176,0.125927,-2.784014,-1.080532,0.728604#
1478277059.78,0.040075,0.107690,0.261855,-2.979300,-1.197108,1.249040#
1478277059.81,0.173666,0.051581,0.321911,2.786454,-1.857313,1.301259#
1478277059.83,0.105103,0.187324,-0.041109,1.195389,-2.028472,0.618752#
1478277059.85,0.075761,0.239723,-0.049829,0.690743,-1.891608,0.644054#
1478277059.87,0.060683,0.163541,-0.170258,0.539327,-1.934132,0.730777#
1478277059.89,0.096209,0.157101,-0.196146,0.455434,-1.912328,0.690446#
1478277059.91,0.046776,0.136616,-0.308943,0.405233,-1.706403,0.349144#
1478277059.93,0.061852,0.144468,-0.341071,0.375200,-1.398925,-0.360981#
1478277059.95,0.006223,0.225552,-0.308804,0.368911,-1.321412,-0.727092#
1478277059.97,0.176326,0.056734,-0.160199,0.368803,-1.357675,-0.933399#
1478277060.00,0.232336,-0.066824,-0.185100,0.364774,-1.394151,-0.862965#
1478277060.02,0.221075,-0.159083,-0.220687,0.353595,-1.291993,-0.622656#
1478277060.04,0.161908,-0.184421,-0.295507,0.341601,-0.995488,-0.303599#
1478277060.06,0.093081,-0.119039,-0.345808,0.326370,-0.740496,-0.356834#
1478277060.08,0.022962,-0.059018,-0.359194,0.312066,-0.498611,-0.671366#
1478277060.10,0.063843,-0.314250,-0.306671,0.302536,-0.205887,-0.803324#
1478277060.12,0.056134,-0.314858,-0.308735,0.297523,0.163222,-0.571993#
1478277060.14,0.106911,-0.482520,-0.311836,0.291400,0.577562,-0.259486#
1478277060.17,0.127768,-0.433933,-0.342376,0.282055,1.020740,0.059162#
1478277060.19,0.004507,-0.365641,-0.299982,0.271750,1.468631,0.402255#
1478277060.21,-0.007754,-0.378869,-0.265251,0.266362,1.756372,0.563110#
1478277060.23,-0.240664,-0.160972,0.073257,0.265406,1.758342,0.402355#
1478277060.25,-0.344439,0.177583,0.328057,0.258557,1.496697,0.062468#
1478277060.27,-0.608786,0.530858,0.622867,0.252499,0.794491,-0.113525#
1478277060.29,-0.781680,0.848935,0.762017,0.280263,0.016395,-0.223008#
1478277060.31,-0.326548,0.767896,0.725030,0.332751,-0.424443,-0.007564#
1478277060.34,0.193818,0.054788,0.488829,0.376816,-0.257872,0.582560#
1478277060.36,0.320698,0.065334,-0.328157,0.374243,0.135170,1.267213#
1478277060.38,0.311688,0.061702,-0.315877,0.339349,0.649303,1.301050#
1478277060.40,0.158747,0.511921,-0.664047,0.307713,0.655016,0.870207#
1478277060.42,0.028959,-0.073276,0.105033,0.290721,0.141831,0.132809#
1478277060.44,0.044617,-0.488774,0.146703,0.290212,0.443411,1.174929#
1478277060.46,0.095007,-0.628243,0.018828,0.280335,0.639927,2.284228#
1478277060.48,0.046952,-0.368506,-0.109077,0.235067,0.514462,2.355862#
1478277060.50,0.099456,0.313238,-0.351414,0.139157,0.061347,0.563146#
1478277060.53,0.132411,0.453552,-0.494260,0.030578,0.151381,-0.664913#
1478277060.55,-0.309401,-0.101764,-0.132478,-0.035614,0.579082,0.180643#
1478277060.57,-0.310765,-0.103271,-0.118582,-0.034816,0.602608,2.085176#
1478277060.59,-0.388516,-0.096341,0.028957,0.023424,0.785489,2.829203#
1478277060.61,0.138071,0.015577,-0.148120,0.157128,1.014333,1.973251#
1478277060.63,0.258593,-0.028305,-0.161820,0.311107,0.639414,0.655392#
1478277060.65,0.249073,-0.028971,-0.153183,0.302065,0.316597,0.251874#
1478277060.67,-0.120761,0.022256,-0.045925,0.106047,0.247592,0.596036#
1478277060.70,-0.199849,0.036313,-0.017765,-0.277441,0.348897,1.044936#
1478277060.72,-0.145710,0.013869,-0.075718,-1.125383,0.492822,0.869600#
1478277060.74,-0.098237,-0.052450,-0.136524,-2.371422,0.679629,0.764616#
1478277060.76,-0.086776,-0.079337,-0.159788,-2.726265,0.729707,0.588514#
1478277060.78,-0.127140,-0.066525,-0.106950,-2.829442,0.737104,0.545911#
1478277060.80,-0.195948,-0.026478,0.004278,-2.874590,0.734764,0.277392#
1478277060.82,-0.181552,0.018710,0.128588,-2.893742,0.649054,0.101277#
1478277060.84,-0.194562,0.020654,0.141176,-2.910544,0.581744,0.365980#
1478277060.87,-0.071905,0.006344,0.247742,-2.919267,0.454102,0.164951#
1478277060.89,-0.239891,0.035040,0.255314,-2.903041,0.163025,-0.061741#
1478277060.91,-0.566810,-0.000969,0.100793,-2.821540,-0.444783,-0.163628#
1478277060.93,-0.747399,0.082902,-0.287415,-2.750895,-0.200371,-0.197926#
1478277060.95,-0.644862,0.372612,-0.090717,-2.785602,0.253774,0.158952#
1478277060.97,-0.202543,0.276762,0.199361,-2.845196,-0.075113,0.078282#
1478277060.99,-0.245550,0.324915,0.607242,-2.869915,-0.644188,-0.063891#
1478277061.01,-0.227035,0.321675,0.582042,-2.779682,-1.544721,-0.018342#
1478277061.04,-0.334580,0.266026,0.471043,-2.362837,-2.188719,0.197919#
1478277061.06,-0.074940,0.093434,0.278728,-1.103684,-2.512203,0.755903#
1478277061.08,0.305932,0.184397,0.104909,-0.523601,-2.781618,1.536274#
1478277061.10,0.632154,0.542355,-0.569001,-0.400306,-2.373040,2.061114#
1478277061.12,0.384773,0.364405,-0.558537,-0.354510,-2.191120,-1.351606#
1478277061.14,0.079671,0.185949,-0.352027,-0.331777,-2.219328,-0.968669#
1478277061.16,-0.182007,0.056554,-0.187939,-0.305282,-1.583043,0.209462#
1478277061.18,-0.104032,0.123180,-0.145456,-0.286166,-1.593001,-0.488827#
1478277061.20,0.083485,0.214326,-0.195701,-0.275357,-1.410872,-0.883318#
1478277061.23,0.061011,0.180019,-0.400861,-0.260196,-1.170208,-1.181324#
1478277061.25,0.224731,-0.051305,-0.515677,-0.240071,-1.030841,-1.413753#
1478277061.27,0.322221,-0.151752,-0.564675,-0.214498,-0.823578,-1.513359#
1478277061.29,0.325850,-0.143437,-0.580503,-0.186597,-0.470218,-1.259187#
1478277061.31,0.297490,-0.298105,-0.427358,-0.164947,-0.138009,-0.870524#
1478277061.33,0.233834,-0.305199,-0.413355,-0.149135,0.208097,-0.613035#
1478277061.35,0.223799,-0.392704,-0.422123,-0.132562,0.724733,-0.316080#
1478277061.37,0.273136,-0.504610,-0.382608,-0.115466,1.284952,0.161569#
1478277061.40,0.258315,-0.570419,-0.343832,-0.100809,1.786795,0.517881#
1478277061.42,0.192584,-0.494407,-0.257196,-0.095057,2.034879,0.636472#
1478277061.44,-0.074307,0.405116,0.218456,-0.117409,1.763492,0.779535#
1478277061.46,-0.101209,0.392731,0.248062,-0.179281,1.094440,0.409374#
1478277061.48,-0.834933,0.884693,0.932151,-0.218045,0.145679,-0.166792#
1478277061.50,-0.589572,0.485825,0.565376,-0.178251,0.161062,-0.282303#
1478277061.52,0.044951,0.194557,0.175275,-0.116047,0.081913,-0.824610#
1478277061.54,0.215955,0.154331,-0.068414,-0.081159,-0.037255,1.179490#
1478277061.57,0.328463,0.137271,-0.423236,-0.099048,0.142533,2.736248#
1478277061.59,0.472463,0.095628,-0.887420,-0.136522,0.653384,1.709848#
1478277061.61,0.160744,0.065053,-0.332547,-0.152029,0.545183,-0.526432#
1478277061.63,-0.003588,-0.454998,-0.313360,-0.154022,0.661815,-0.275164#
1478277061.65,-0.013916,-0.460248,-0.293839,-0.168024,0.987221,0.775372#
1478277061.67,0.146606,-0.305329,-0.382979,-0.216796,0.775319,1.333709#
1478277061.69,0.064805,0.311046,-0.319940,-0.280095,0.684181,1.044570#
1478277061.71,0.019693,0.139114,0.073389,-0.345804,0.549071,0.140027#
1478277061.73,0.008306,0.136750,0.086269,-0.399727,0.666025,0.344251#
1478277061.76,-0.186475,-0.037448,-0.210191,-0.421655,0.706888,0.868670#
1478277061.78,-0.102871,-0.077580,-0.178455,-0.437321,0.818740,1.112612#
1478277061.80,0.072363,-0.018890,-0.190572,-0.443092,0.812699,0.614609#
1478277061.82,0.141035,-0.010623,-0.141592,-0.487221,0.624998,0.632327#
1478277061.84,0.034636,-0.010679,-0.150213,-0.634617,0.588756,0.654452#
1478277061.86,-0.095188,0.016630,-0.148460,-0.902774,0.578609,0.510465#
1478277061.88,-0.145269,-0.092548,-0.115984,-1.320696,0.614637,0.518836#
1478277061.90,-0.079143,-0.119640,-0.125493,-1.832338,0.632662,0.519953#
1478277061.93,-0.093684,-0.119229,-0.112371,-2.247264,0.637742,0.455381#
1478277061.95,-0.094595,-0.094475,-0.094488,-2.496020,0.671972,0.326544#
1478277061.97,-0.164384,-0.054357,-0.040607,-2.650385,0.727579,0.258423#
1478277061.99,-0.202537,-0.021795,0.016935,-2.754033,0.773145,0.286296#
1478277062.01,-0.196661,0.007594,0.143468,-2.835467,0.779385,0.252100#
1478277062.03,-0.187134,-0.023567,0.334294,-2.887401,0.530818,-0.055055#
1478277062.05,-0.440711,0.027857,0.285477,-2.859558,-0.139495,-0.409279#
1478277062.07,-0.685780,0.244176,-0.090848,-2.808687,-0.133303,-0.414454#
1478277062.10,-0.684291,0.244066,-0.089147,-2.820334,0.174661,0.099219#
1478277062.12,-0.421408,0.305108,0.071950,-2.857380,-0.060559,-0.211386#
1478277062.14,-0.205293,0.302127,0.436463,-2.846676,-0.640931,-0.509694#
1478277062.16,-0.403918,0.199929,0.392107,-2.721167,-1.444748,-0.324160#
1478277062.18,-0.379949,0.196790,0.354124,-2.389419,-1.994096,-0.025022#
1478277062.20,-0.196909,0.324441,0.086954,-1.646700,-2.255249,0.329122#
1478277062.22,0.262175,0.376690,0.089834,-0.952703,-2.377351,0.454073#
1478277062.24,0.409272,0.503662,-0.164558,-0.700600,-2.216759,0.277633#
1478277062.27,0.550431,0.395718,-0.446741,-0.609797,-1.869983,1.399139#
1478277062.29,0.226532,0.221406,-0.594178,-0.566094,-1.964106,-1.065130#
1478277062.31,-0.025864,0.095414,-0.221719,-0.536735,-1.916220,-0.517629#
1478277062.33,-0.139622,0.166165,-0.379154,-0.510865,-1.527693,-0.322509#
1478277062.35,-0.016696,0.202730,-0.404992,-0.489275,-1.329628,-1.027293#
1478277062.37,-0.005903,0.212947,-0.429423,-0.452960,-0.940063,-1.268847#
1478277062.39,0.199585,-0.006770,-0.475638,-0.403187,-0.670514,-1.565197#
1478277062.41,0.293996,-0.110161,-0.446618,-0.350376,-0.701024,-1.972353#
1478277062.43,0.317002,-0.211059,-0.414518,-0.301575,-0.461270,-1.588217#
1478277062.46,0.342583,-0.271363,-0.372379,-0.259916,-0.087407,-0.860117#
1478277062.48,0.293273,-0.274000,-0.449130,-0.231047,0.218882,-0.590348#
1478277062.50,0.240741,-0.289493,-0.485111,-0.212375,0.427202,-0.689456#
1478277062.52,0.175129,-0.415771,-0.437312,-0.199147,0.750994,-0.798377#
1478277062.54,0.166441,-0.424876,-0.419607,-0.188193,1.219726,-0.546428#
1478277062.56,0.168875,-0.450570,-0.264625,-0.183415,1.573763,0.052344#
1478277062.58,0.123568,-0.158927,-0.001413,-0.195726,1.600788,0.399270#
1478277062.60,-0.169748,0.284346,0.148417,-0.242300,1.348388,0.097937#
1478277062.63,-0.776715,0.753923,0.588493,-0.307403,0.957832,-0.652676#
1478277062.65,-1.019283,0.764999,0.969408,-0.309149,0.328840,-0.970965#
1478277062.67,-0.628391,0.519260,0.678636,-0.236163,0.240219,0.031962#
1478277062.69,-0.074400,0.144608,0.328602,-0.163171,-0.123269,0.624058#
1478277062.71,0.191379,0.049602,-0.244547,-0.129686,0.255416,1.553383#
1478277062.73,0.193373,0.046603,-0.231876,-0.147351,0.397426,2.214972#
1478277062.75,0.421504,0.178627,-0.737260,-0.186944,0.474132,0.985470#
1478277062.77,0.062154,-0.134768,0.057773,-0.214106,0.185781,-1.286417#
1478277062.80,0.169345,-0.540049,-0.091522,-0.228590,0.577096,0.342421#
1478277062.82,0.160757,-0.544582,-0.073439,-0.263743,0.806699,1.825171#
1478277062.84,0.192009,-0.235458,-0.426342,-0.344224,0.692190,2.107486#
1478277062.86,-0.095542,0.403175,-0.388846,-0.469868,0.189844,0.818526#
1478277062.88,-0.382111,0.439357,-0.467314,-0.583550,0.138407,-0.714294#
1478277062.90,-0.390580,0.085324,-0.098117,-0.604865,0.967268,0.235675#
1478277062.92,-0.269105,-0.073784,-0.231276,-0.569866,1.035920,0.979783#
1478277062.94,-0.014681,-0.102512,-0.221644,-0.537530,1.214303,0.864378#
1478277062.96,0.309466,-0.032678,-0.074177,-0.549891,0.963801,0.173124#
1478277062.99,0.150097,0.019764,-0.095065,-0.664367,0.648259,0.025705#
1478277063.01,0.135427,0.018983,-0.081824,-0.919855,0.623456,0.425132#
1478277063.03,-0.136993,-0.011621,-0.067205,-1.284779,0.555050,0.657780#
1478277063.05,-0.163139,-0.096212,-0.092279,-1.666079,0.531628,0.785131#
1478277063.07,-0.146473,-0.134766,-0.108165,-2.001603,0.560817,0.713666#
1478277063.09,-0.142733,-0.124684,-0.136914,-2.266353,0.610325,0.409714#
1478277063.11,-0.165414,-0.077981,-0.094147,-2.466446,0.706064,0.244744#
1478277063.13,-0.208320,-0.051060,-0.059514,-2.620355,0.781324,0.344844#
1478277063.16,-0.148757,0.018092,0.226857,-2.743482,0.861323,0.464562#
1478277063.18,-0.162398,0.020410,0.242339,-2.829339,0.696952,0.401388#
1478277063.20,-0.101368,-0.084863,0.340966,-2.837933,0.141234,-0.049689#
1478277063.22,-0.642264,0.021812,-0.220349,-2.774515,-0.273638,-0.267797#
1478277063.24,-0.727465,0.231121,-0.126682,-2.754565,0.170901,0.093148#
1478277063.26,-0.430408,0.225977,0.153381,-2.793652,0.160637,0.282771#
1478277063.28,-0.264726,0.390274,0.334713,-2.806631,-0.333231,0.015672#
1478277063.30,-0.248738,0.412986,0.556412,-2.743205,-1.163280,0.169535#
1478277063.33,-0.325062,0.257008,0.389794,-2.479081,-1.967288,0.667008#
1478277063.35,-0.345112,0.252697,0.279009,-1.793926,-2.707507,0.894543#
1478277063.37,-0.080315,0.378822,0.091423,-1.099401,-2.760623,0.435312#
1478277063.39,0.312506,0.518613,-0.095594,-0.820278,-2.419742,0.515541#
1478277063.41,0.398561,0.359213,-0.455756,-0.716758,-2.513597,1.514992#
1478277063.43,-0.198383,0.151530,-0.586444,-0.676882,-2.388212,-0.086705#
1478277063.45,-0.177573,0.166210,-0.629937,-0.639855,-1.921248,0.051696#
1478277063.47,-0.308999,0.067660,-0.398563,-0.609124,-1.366518,0.180860#
1478277063.49,-0.168368,0.181832,-0.387943,-0.575332,-1.111394,-1.649517#
1478277063.52,-0.028598,0.158559,-0.428816,-0.534835,-0.910696,-2.125502#
1478277063.54,0.189724,-0.049749,-0.460587,-0.487710,-0.690257,-1.966705#
1478277063.56,0.352000,-0.149045,-0.481838,-0.444207,-0.649158,-2.024316#
1478277063.58,0.382547,-0.240861,-0.445658,-0.404880,-0.472873,-1.688101#
1478277063.60,0.313097,-0.287459,-0.443488,-0.369237,-0.140319,-1.110276#
1478277063.62,0.317481,-0.286328,-0.444210,-0.339176,0.265382,-0.750573#
1478277063.64,0.229462,-0.275574,-0.489623,-0.312356,0.620966,-0.716796#
1478277063.66,0.230697,-0.391036,-0.501766,-0.287020,0.929628,-0.927001#
1478277063.69,0.271564,-0.455612,-0.445734,-0.265766,1.297438,-0.943280#
1478277063.71,0.276277,-0.461954,-0.377367,-0.252899,1.722789,-0.433508#
1478277063.73,0.209612,-0.317507,-0.190889,-0.259389,1.960864,0.263619#
1478277063.75,-0.043304,0.085768,0.077389,-0.299952,1.846549,0.494487#
1478277063.77,-0.593273,0.661584,0.515364,-0.364533,1.444883,0.046644#
1478277063.79,-0.775286,1.160172,0.873535,-0.375901,0.511165,-0.647297#
1478277063.81,-0.760211,1.160826,0.875062,-0.301183,-0.074609,-0.733289#
1478277063.83,-0.126236,0.435694,0.571778,-0.217504,-0.492009,0.837475#
1478277063.86,0.299708,-0.236376,-0.324424,-0.183910,0.078971,2.515629#
1478277063.88,0.401074,0.163434,-0.864110,-0.206029,0.751383,2.577955#
1478277063.90,0.384319,0.156182,-0.842908,-0.261095,0.773242,0.741327#
1478277063.92,-0.018924,-0.089915,0.059649,-0.296620,0.144982,-1.553384#
1478277063.94,0.111582,-0.605155,0.026429,-0.303691,0.556297,0.431539#
1478277063.96,0.214254,-0.468305,-0.189347,-0.325735,0.818601,2.368757#
1478277063.98,0.272723,-0.073472,-0.298694,-0.386505,0.603983,2.730650#
1478277064.00,0.027298,0.391764,-0.427723,-0.495257,0.138610,1.228584#
1478277064.03,-0.377006,0.358666,-0.727069,-0.592741,0.425270,-0.108059#
1478277064.05,-0.157325,-0.019332,-0.478802,-0.608673,0.957689,0.723497#
1478277064.07,-0.029753,-0.035995,-0.262823,-0.586419,1.054801,0.528688#
1478277064.09,-0.031536,-0.038999,-0.235806,-0.545734,1.325347,0.755396#
1478277064.11,0.246126,0.005587,0.100439,-0.537635,0.986760,0.652929#
1478277064.13,0.176633,0.051670,0.109353,-0.627763,0.519462,0.821808#
1478277064.15,-0.009351,0.036282,-0.024680,-0.894309,0.404916,0.878047#
1478277064.17,-0.107597,-0.001956,-0.086095,-1.322523,0.370374,0.803992#
1478277064.19,-0.168955,-0.104764,-0.127762,-1.776044,0.377454,0.831759#
1478277064.22,-0.182983,-0.166822,-0.114981,-2.121709,0.451982,0.831405#
1478277064.24,-0.243110,-0.153638,-0.138812,-2.395479,0.636556,0.434901#
1478277064.26,-0.262810,-0.152137,-0.123535,-2.608860,0.793927,0.203306#
1478277064.28,-0.356852,-0.081793,-0.025354,-2.765578,0.862181,0.271508#
1478277064.30,-0.248729,-0.033616,0.380313,-2.877821,0.747184,0.195152#
1478277064.32,-0.481882,0.008165,0.174276,-2.895327,0.089388,-0.014279#
1478277064.34,-0.671784,0.085443,-0.168559,-2.853213,-0.115673,-0.354477#
1478277064.36,-0.684066,0.186062,-0.107899,-2.848166,0.110170,-0.275007#
1478277064.39,-0.435191,0.140926,0.046235,-2.859849,-0.077839,-0.386552#
1478277064.41,-0.267840,0.294102,0.277286,-2.845419,-0.385288,-0.428851#
1478277064.43,-0.304688,0.377235,0.526409,-2.751803,-1.134969,0.013585#
1478277064.45,-0.287910,0.196914,0.403934,-2.486648,-1.705494,0.712420#
1478277064.47,-0.285866,0.177256,0.199357,-1.911228,-2.274222,0.781403#
1478277064.49,0.224640,0.696904,0.050945,-1.259376,-2.310090,0.246721#
1478277064.51,0.644247,0.665658,-0.103449,-0.926911,-2.295064,0.350400#
1478277064.53,0.678817,0.674752,-0.149285,-0.795543,-2.221725,1.582598#
1478277064.56,0.137763,0.125410,-0.782931,-0.744460,-2.074888,1.019801#
1478277064.58,-0.433992,0.137296,-0.443499,-0.709738,-1.879585,-0.098595#
1478277064.60,-0.277934,0.067797,-0.153831,-0.675885,-1.723040,-0.411320#
1478277064.62,-0.204634,0.150419,-0.409427,-0.649392,-1.436425,-1.804126#
1478277064.64,-0.010171,0.166287,-0.490098,-0.614699,-0.963325,-1.673002#
1478277064.66,0.182003,0.038491,-0.636897,-0.567136,-0.756741,-2.385384#
1478277064.68,0.333464,-0.154117,-0.527026,-0.519559,-0.719335,-2.667186#
1478277064.70,0.331824,-0.143729,-0.548905,-0.474667,-0.603439,-2.783293#
1478277064.72,0.325023,-0.272890,-0.469294,-0.436845,-0.264671,-2.002849#
1478277064.75,0.298150,-0.291985,-0.473322,-0.408061,0.236271,-0.951357#
1478277064.77,0.321249,-0.284380,-0.485995,-0.384828,0.709158,-0.312771#
1478277064.79,0.331938,-0.356266,-0.444975,-0.365029,1.052510,-0.239336#
1478277064.81,0.302946,-0.405726,-0.385861,-0.349227,1.373179,-0.199702#
1478277064.83,0.286356,-0.427441,-0.246350,-0.341014,1.697235,0.380830#
1478277064.85,0.198358,-0.368073,-0.052213,-0.351431,1.786871,0.949340#
1478277064.87,0.005109,-0.048718,0.084148,-0.398152,1.501467,0.752662#
1478277064.89,-0.402034,0.456273,0.212448,-0.476172,1.095589,-0.337861#
1478277064.92,-1.010709,0.745151,0.723133,-0.504425,0.639098,-1.030116#
1478277064.94,-0.499392,0.513931,0.604958,-0.442998,0.493886,-0.734625#
1478277064.96,0.054644,0.406816,0.554730,-0.360967,-0.001577,0.320585#
1478277064.98,0.073910,0.407979,0.558042,-0.323229,0.108073,2.210884#
1478277065.00,0.263430,0.432279,-0.596266,-0.349036,0.111806,2.367230#
1478277065.02,0.430845,0.039564,-0.810312,-0.381152,0.184057,-0.415824#
1478277065.04,0.364741,-0.519780,-0.334815,-0.392254,0.320156,-1.228802#
1478277065.06,0.306852,-0.963073,-0.581961,-0.412647,1.158568,0.128708#
1478277065.09,0.416774,-0.719577,-0.454147,-0.486831,1.259089,1.681688#
1478277065.11,0.383558,0.220401,-0.415794,-0.644049,0.623986,1.745959#
1478277065.13,-0.520830,0.462748,-0.223876,-0.806060,0.519654,-0.026439#
1478277065.15,-0.531556,0.459905,-0.206142,-0.871146,0.986988,0.634211#
1478277065.17,-0.204438,-0.133211,0.072779,-0.849533,0.985618,1.704461#
1478277065.19,0.181527,-0.132040,-0.191156,-0.851646,1.023754,0.728907#
1478277065.21,0.114347,-0.043597,-0.210265,-0.938736,0.898435,0.767776#
1478277065.23,-0.010157,0.048618,-0.062136,-1.085178,0.638992,0.976806#
1478277065.25,-0.128028,0.069357,-0.008294,-1.273089,0.373682,1.404454#
1478277065.28,-0.134058,0.042485,-0.105551,-1.496367,0.336482,1.132209#
1478277065.30,-0.152124,0.009524,-0.166713,-1.750363,0.382914,0.714497#
1478277065.32,-0.283021,-0.068797,-0.161696,-2.003013,0.421631,0.405835#
1478277065.34,-0.296279,-0.068327,-0.151558,-2.235961,0.569699,0.365575#
1478277065.36,-0.242945,-0.094688,-0.175036,-2.460719,0.697294,0.330039#
1478277065.38,-0.111441,-0.122449,-0.036616,-2.644279,0.700161,0.225596#
1478277065.40,-0.126167,-0.064082,0.047149,-2.773963,0.658195,0.197626#
1478277065.42,-0.141519,-0.062031,0.059296,-2.857697,0.569067,0.239438#
1478277065.45,-0.186559,-0.022904,0.213420,-2.917570,0.511256,0.278143#
1478277065.47,-0.280884,-0.041802,0.265827,-2.943253,0.169202,0.158306#
1478277065.49,-0.595967,-0.028979,0.049222,-2.897579,-0.350349,-0.041352#
1478277065.51,-0.739999,0.032889,-0.286171,-2.865348,-0.004602,-0.419167#
1478277065.53,-0.696875,0.174199,-0.157584,-2.890104,0.195966,-0.327126#
1478277065.55,-0.363196,0.195030,-0.003922,-2.923102,0.006188,-0.327982#
1478277065.57,-0.206702,0.391054,0.528391,-2.916829,-0.554226,-0.269494#
1478277065.59,-0.348660,0.307291,0.402281,-2.769234,-1.393728,0.101965#
1478277065.62,-0.319035,0.304508,0.365434,-2.379355,-1.910976,0.212912#
1478277065.64,-0.065655,0.251616,0.127614,-1.640999,-2.339088,0.012697#
1478277065.66,0.380183,0.409635,0.118488,-1.128608,-2.392167,0.288769#
1478277065.68,0.714055,0.544784,-0.224762,-0.930650,-2.181994,1.059858#
1478277065.70,0.829087,0.417451,-0.330671,-0.844400,-2.444366,1.872619#
1478277065.72,0.108361,0.145224,-0.783898,-0.818265,-1.990209,-0.632321#
1478277065.74,-0.318848,0.146627,-0.099623,-0.786459,-1.934406,0.294963#
1478277065.76,-0.042785,0.169596,-0.229561,-0.762121,-1.658128,-0.191278#
1478277065.79,-0.033289,0.182848,-0.261792,-0.751716,-1.439084,-1.012341#
1478277065.81,-0.078418,0.252425,-0.553637,-0.724209,-1.111331,-1.407615#
1478277065.83,0.264812,-0.111423,-0.490624,-0.684737,-0.780128,-1.521503#
1478277065.85,0.326838,-0.231574,-0.429392,-0.645483,-0.709778,-1.669054#
1478277065.87,0.350271,-0.260333,-0.397240,-0.616887,-0.502743,-1.245921#
1478277065.89,0.310031,-0.258556,-0.402486,-0.597024,-0.140710,-0.810297#
1478277065.91,0.258587,-0.282312,-0.443254,-0.584418,0.274445,-0.419410#
1478277065.93,0.235153,-0.374785,-0.478923,-0.574896,0.659581,-0.279300#
1478277065.95,0.246506,-0.470591,-0.508370,-0.567781,1.014783,-0.420991#
1478277065.98,0.255506,-0.529683,-0.468494,-0.567104,1.408281,-0.280369#
1478277066.00,0.210058,-0.513015,-0.411993,-0.576511,1.844134,0.048337#
1478277066.02,-0.027077,-0.012237,-0.004100,-0.604013,1.979406,0.386589#
1478277066.04,-0.424322,0.477070,0.447063,-0.662526,1.602602,0.477248#
1478277066.06,-0.446079,0.468376,0.471035,-0.725983,0.821973,0.135215#
1478277066.08,-1.240146,1.318550,1.084390,-0.698027,0.023264,-0.104146#
1478277066.10,-0.361498,0.551637,0.670651,-0.595364,-0.412421,-0.440790#
1478277066.12,0.248413,-0.283828,0.316325,-0.509938,-0.341954,0.881582#
1478277066.15,0.572764,-0.112434,-0.248295,-0.499317,0.261702,1.948932#
1478277066.17,0.496694,0.388840,-0.557658,-0.560406,0.170373,1.882633#
1478277066.19,0.320230,0.476945,-0.815592,-0.612240,0.088025,-0.465141#
1478277066.21,0.018443,-0.438879,-0.216152,-0.623736,0.120202,-1.122704#
1478277066.23,0.010601,-0.442434,-0.205925,-0.638144,0.693516,0.617696#
1478277066.25,0.097862,-0.530074,-0.465971,-0.691568,1.016930,2.081354#
1478277066.27,0.196958,0.132560,-0.635994,-0.771428,0.839551,2.211995#
1478277066.29,-0.002163,0.507987,-0.463182,-0.865692,0.581009,0.479290#
1478277066.32,-0.194202,0.202887,-0.072945,-0.936015,0.760415,0.196457#
1478277066.34,-0.286494,0.047790,-0.187307,-0.987462,0.874962,0.909862#
1478277066.36,-0.137881,-0.043219,-0.344557,-1.003715,1.186255,1.190131#
1478277066.38,0.081540,-0.115550,-0.128025,-1.022059,1.139046,1.250224#
1478277066.40,0.020921,0.046145,-0.087562,-1.110234,0.604223,0.688132#
1478277066.42,0.007123,0.045300,-0.078804,-1.267502,0.336331,0.644046#
1478277066.44,-0.237519,0.086672,-0.085209,-1.432224,0.326604,0.677386#
1478277066.46,-0.230574,-0.033690,-0.110014,-1.587298,0.331390,0.435993#
1478277066.48,-0.216198,-0.096526,-0.146209,-1.742526,0.303988,0.384109#
1478277066.51,-0.226736,-0.096511,-0.139362,-1.903139,0.371332,0.379029#
1478277066.53,-0.094707,-0.110891,-0.159917,-2.081252,0.471949,0.195661#
1478277066.55,-0.103782,-0.098942,-0.097382,-2.275253,0.514310,0.127288#
1478277066.57,-0.160675,-0.051677,-0.067560,-2.454669,0.536819,0.193471#
1478277066.59,-0.194283,-0.037931,0.000898,-2.604237,0.522214,0.232282#
1478277066.61,-0.208552,-0.087624,0.116076,-2.712196,0.429832,-0.053564#
1478277066.63,-0.339894,-0.046394,0.152337,-2.763623,0.104931,-0.495112#
1478277066.65,-0.608750,0.043332,-0.210970,-2.754263,-0.147306,-0.518220#
1478277066.68,-0.612692,0.043914,-0.209493,-2.758267,0.131543,-0.213087#
1478277066.70,-0.348013,0.124162,-0.063779,-2.768428,-0.059979,-0.356843#
1478277066.72,-0.108947,0.391129,0.203747,-2.708325,-0.570291,-0.715203#
1478277066.74,-0.261513,0.330869,0.206907,-2.538948,-1.239287,-0.565026#
1478277066.76,-0.411761,0.365753,0.163734,-2.236430,-1.682990,0.003676#
1478277066.78,-0.238597,0.251430,0.156186,-1.844979,-2.002672,0.269170#
1478277066.80,0.172368,0.134517,0.199586,-1.505993,-2.352300,0.474330#
1478277066.82,0.462804,0.382930,0.056199,-1.311191,-2.315843,1.128074#
1478277066.85,0.133632,0.180838,-0.526627,-1.209925,-2.079439,1.196070#
1478277066.87,0.151471,0.192784,-0.569157,-1.160142,-2.027082,0.033295#
1478277066.89,-0.309637,0.120070,-0.545772,-1.111570,-1.831024,-0.477707#
1478277066.91,-0.280472,0.163365,-0.349082,-1.060964,-1.387262,-0.510532#
1478277066.93,-0.180167,0.199027,-0.390768,-1.016582,-1.024716,-1.164786#
1478277066.95,-0.170661,0.207456,-0.408802,-0.963559,-0.673690,-1.911228#
1478277066.97,-0.008761,0.070969,-0.494262,-0.902245,-0.505726,-2.078961#
1478277066.99,0.097114,0.012447,-0.515197,-0.837172,-0.288662,-2.217310#
1478277067.02,0.149984,-0.049686,-0.445029,-0.772936,-0.162643,-2.180711#
1478277067.04,0.166735,-0.075530,-0.383824,-0.714503,0.131657,-1.644859#
1478277067.06,0.143697,-0.092786,-0.381762,-0.662937,0.375835,-1.445311#
1478277067.08,0.104479,-0.087408,-0.435679,-0.620188,0.439476,-1.704431#
1478277067.10,-0.020130,-0.191940,-0.376012,-0.582906,0.541624,-1.957988#
1478277067.12,-0.037366,-0.250988,-0.295421,-0.544982,0.753234,-1.971241#
1478277067.14,-0.044881,-0.258009,-0.281864,-0.511601,1.027623,-1.805721#
1478277067.16,-0.049377,-0.283074,-0.293306,-0.490213,1.238179,-1.874950#
1478277067.18,-0.143799,-0.180998,-0.257712,-0.480743,1.374420,-1.978230#
1478277067.21,-0.278222,0.012041,-0.169571,-0.478941,1.512355,-2.171328#
1478277067.23,-0.351380,0.218406,0.035331,-0.477532,1.464320,-2.425669#
1478277067.25,-0.394448,0.361187,0.254926,-0.472550,0.896471,-3.328086#
1478277067.27,-0.351398,0.354463,0.418021,-0.459362,-0.147713,-4.672230#
1478277067.29,-0.220870,-0.216706,0.320253,-0.391899,-0.648432,-4.514792#
1478277067.31,-0.230039,-0.212534,0.308213,-0.336892,-0.685485,-3.018831#
1478277067.33,-0.308118,-0.781011,0.138242,-0.285566,-0.772535,-0.897053#
1478277067.35,0.083002,0.042703,-0.629716,-0.246477,-0.680213,-0.859569#
1478277067.38,0.025378,1.687418,-0.859071,-0.216485,-0.236234,-0.697318#
1478277067.40,-0.086088,1.246490,-0.525147,-0.153681,0.288506,-0.737183#
1478277067.42,-0.355348,-0.463272,-0.172839,-0.055594,0.515924,-2.048712#
1478277067.44,-0.705992,-0.091054,-0.161659,0.004539,-0.170120,-0.670526#
1478277067.46,0.174854,-0.191490,-1.299829,0.020495,0.948283,-3.389330#
1478277067.48,-0.116085,0.270206,-0.312617,-0.050035,1.885931,-4.213616#
1478277067.50,-0.152640,0.260772,-0.272927,-0.139070,1.568985,-2.749775#
1478277067.52,-0.436137,0.776206,0.100145,-0.194122,0.801141,-2.515326#
1478277067.55,-0.124707,0.034508,-0.345209,-0.229811,0.585363,-3.395868#
1478277067.57,-0.105168,-0.173825,-0.284970,-0.303084,1.097755,-3.734324#
1478277067.59,-0.128582,-0.176152,-0.250299,-0.424909,1.132460,-3.712165#
1478277067.61,-0.431119,-0.069946,-0.071967,-0.520146,0.870645,-3.475736#
1478277067.63,-0.325826,-0.030578,-0.135494,-0.609079,1.027915,-2.629968#
1478277067.65,0.023996,-0.105372,0.026390,-0.754849,1.353985,-1.927185#
1478277067.67,0.036796,0.018033,0.169868,-0.908508,0.935494,-2.422652#
1478277067.69,-0.135508,0.036252,0.085010,-1.017566,0.682150,-2.759029#
1478277067.71,-0.344396,0.019640,0.119462,-1.090802,0.501183,-2.866584#
1478277067.74,-0.254187,0.008843,0.108295,-1.163907,0.577811,-2.529541#
1478277067.76,-0.140623,0.087783,0.109801,-1.240264,0.560978,-2.028049#
1478277067.78,-0.138008,0.088649,0.124575,-1.289718,0.358572,-1.693182#
1478277067.80,-0.011050,-0.018707,0.023706,-1.305528,0.217907,-1.696721#
1478277067.82,-0.018786,-0.063130,0.117581,-1.309943,0.226170,-1.676960#
1478277067.84,-0.132789,-0.018370,0.142689,-1.298760,0.103983,-1.268280#
1478277067.86,-0.202461,0.046608,0.080706,-1.274232,-0.015463,-0.920651#
1478277067.88,-0.189785,0.063703,0.075169,-1.248882,-0.069074,-0.762837#
1478277067.91,-0.142495,0.071882,0.139731,-1.225609,-0.066092,-0.629753#
1478277067.93,-0.090221,0.034343,0.238245,-1.199928,-0.145869,-0.537535#
1478277067.95,-0.094599,0.034693,0.235255,-1.165408,-0.257323,-0.355686#
1478277067.97,-0.087863,0.045506,0.183709,-1.126605,-0.318895,-0.294638#
1478277067.99,-0.081110,0.170900,0.143077,-1.089599,-0.279259,-0.287546#
1478277068.01,-0.114734,0.211558,0.167957,-1.054282,-0.275420,-0.084504#
1478277068.03,-0.212845,0.184510,0.097487,-1.014319,-0.335830,-0.027917#
1478277068.05,-0.342011,0.134231,0.076504,-0.952589,-0.546251,-0.538260#
1478277068.08,-0.433974,0.091797,0.100195,-0.873777,-0.725068,-1.104434#
1478277068.10,-0.455869,0.021414,0.153913,-0.784980,-0.858904,-1.511660#
1478277068.12,-0.354618,-0.063753,0.270092,-0.696818,-0.885132,-1.542004#
1478277068.14,-0.356455,-0.116250,0.385165,-0.602939,-0.975095,-1.572395#
1478277068.16,-0.354864,-0.128747,0.378013,-0.496349,-1.083798,-1.702826#
1478277068.18,-0.186869,0.092846,0.339008,-0.380603,-1.064784,-1.637622#
1478277068.20,-0.097296,0.225973,0.242901,-0.262975,-0.985255,-1.405808#
1478277068.22,-0.082964,0.223673,0.227964,-0.139045,-0.931503,-1.317990#
1478277068.24,-0.085468,0.068195,0.066549,0.006141,-0.905486,-1.213197#
1478277068.27,-0.094004,-0.072891,-0.061945,0.171526,-0.795258,-1.129815#
1478277068.29,-0.226215,-0.105617,-0.234193,0.329564,-0.339226,-1.454415#
1478277068.31,-0.277120,0.012218,-0.215559,0.501822,0.002897,-1.827318#
1478277068.33,-0.089922,0.072042,-0.108778,0.797832,0.060160,-2.479501#
1478277068.35,-0.024691,0.072202,0.053627,1.384979,0.021989,-2.793611#
1478277068.37,0.035874,0.049465,0.058537,2.113093,-0.071504,-2.846153#
1478277068.39,0.069939,0.051239,0.052978,2.511195,-0.159843,-2.476228#
1478277068.41,0.170325,0.073999,-0.011161,2.714402,-0.093457,-2.031869#
1478277068.44,0.247596,0.038302,0.098683,2.833091,-0.151507,-1.964306#
1478277068.46,0.289188,0.015409,0.154422,2.917513,-0.049981,-1.580671#
1478277068.48,0.312864,-0.093739,0.172024,2.989445,0.101438,-1.335760#
1478277068.50,0.268389,-0.212490,0.189968,3.053462,0.282359,-1.240485#
1478277068.52,0.216865,-0.275324,0.168705,3.108379,0.354443,-1.267232#
1478277068.54,0.200786,-0.245640,0.147546,-3.130698,0.357356,-1.396832#
1478277068.56,0.244056,-0.243967,0.246875,-3.093576,0.339607,-1.468887#
1478277068.58,0.244320,-0.243980,0.247824,-3.060897,0.362011,-1.138626#
1478277068.61,0.254124,-0.208351,0.349161,-3.028820,0.420913,-0.651631#
1478277068.63,0.123158,-0.122929,0.388856,-2.995046,0.507978,-0.523701#
1478277068.65,-0.153334,-0.043855,0.351697,-2.950205,0.608882,-0.755895#
1478277068.67,-0.158335,-0.045368,0.360695,-2.890486,0.676153,-1.237658#
1478277068.69,-0.122989,0.294752,0.565534,-2.829354,0.541395,-0.935796#
1478277068.71,-0.061755,0.206460,0.549882,-2.787595,0.206413,0.035625#
1478277068.73,-0.005598,-0.089185,0.423398,-2.771384,0.046331,0.337744#
1478277068.75,0.195147,-0.103520,0.251495,-2.751295,0.333967,0.961114#
1478277068.78,0.250379,0.540919,-0.053942,-2.706279,0.585108,1.407153#
1478277068.80,0.379977,1.050920,-0.402437,-2.647255,0.531442,0.597403#
1478277068.82,0.389247,-0.372305,0.543730,-2.619083,0.036266,-1.153648#
1478277068.84,0.221969,-0.728544,0.122461,-2.613337,0.242443,-0.275768#
1478277068.86,0.212703,-0.730040,0.138993,-2.543871,0.748046,1.799773#
1478277068.88,0.343125,-0.318651,-0.344939,-2.417725,0.897766,2.378037#
1478277068.90,0.227987,0.334154,-0.298880,-2.252267,0.826095,1.510642#
1478277068.92,-0.123567,0.537691,-0.075609,-2.071553,0.756783,0.186323#
1478277068.94,-0.517426,0.247654,0.290029,-1.955396,0.301988,-1.203043#
1478277068.97,-0.421758,0.011113,0.165508,-1.886556,0.838341,0.825514#
1478277068.99,-0.531022,-0.143566,0.088660,-1.832293,0.938592,2.517928#
1478277069.01,0.273217,-0.010269,0.064474,-1.773958,0.588069,0.337276#
1478277069.03,0.266666,-0.009374,0.073341,-1.712422,0.378464,-0.592263#
1478277069.05,0.048324,0.065194,0.169561,-1.658336,0.333763,-0.035693#
1478277069.07,-0.079060,-0.001193,0.140958,-1.616336,0.297303,0.055622#
1478277069.09,-0.056212,0.035676,0.074922,-1.581750,0.214435,0.294268#
1478277069.11,-0.061809,0.036484,0.080930,-1.550705,0.320575,0.221404#
1478277069.14,0.038987,0.017291,0.044977,-1.512486,0.498154,0.034231#
1478277069.16,0.059056,-0.013704,0.100124,-1.468535,0.627635,0.099738#
1478277069.18,0.091603,-0.022196,0.099867,-1.419864,0.647668,-0.077434#
1478277069.20,0.099566,-0.039654,0.161142,-1.364592,0.668680,-0.211305#
1478277069.22,0.074377,-0.030132,0.232997,-1.304937,0.655789,-0.035184#
1478277069.24,0.023297,0.008332,0.290753,-1.249396,0.609122,0.171697#
1478277069.26,-0.138458,-0.039807,0.400258,-1.200538,0.541717,0.193988#
1478277069.28,-0.261109,-0.054094,0.452613,-1.158889,0.442373,0.107607#
1478277069.31,-0.272220,-0.051987,0.458333,-1.122219,0.158141,-0.028830#
1478277069.33,-0.492845,0.103452,0.259388,-1.091800,0.012536,-0.232676#
1478277069.35,-0.380014,0.213000,0.208276,-1.083119,-0.015494,-0.121798#
1478277069.37,-0.218839,0.311588,0.175449,-1.096069,-0.029577,-0.165923#
1478277069.39,0.070749,0.385413,0.374685,-1.124347,-0.120026,-0.346177#
1478277069.41,0.083071,0.451817,0.684296,-1.150628,-0.837701,-0.345932#
1478277069.43,-0.293891,0.435418,0.618302,-1.187952,-1.571848,-0.136897#
1478277069.45,-0.194605,0.205648,0.462183,-1.279943,-1.862378,-0.174126#
1478277069.47,-0.167654,0.197129,0.415889,-1.446857,-2.429687,-0.185967#
1478277069.50,0.188075,-0.052568,0.297721,-1.724404,-2.726241,-0.021045#
1478277069.52,0.570243,0.227028,0.020848,-2.196304,-2.746497,0.929029#
1478277069.54,0.305354,0.176350,-0.273075,-2.734607,-2.267017,0.686206#
1478277069.56,-0.103181,0.094759,-0.553392,-3.128531,-1.820580,0.869875#
1478277069.58,-0.131265,0.057944,-0.037443,2.981200,-1.828675,-0.168481#
1478277069.60,-0.186484,0.217965,0.031042,2.864691,-1.702670,-2.651038#
1478277069.62,-0.059953,0.145378,-0.096844,2.833735,-1.057605,-0.794948#
1478277069.64,0.129630,0.080864,-0.266264,2.832965,-0.921506,-1.864453#
1478277069.67,0.146960,0.090005,-0.294614,2.841467,-0.866988,-2.201691#
1478277069.69,0.300603,-0.056819,-0.213936,2.855908,-0.643923,-1.852927#
1478277069.71,0.373898,-0.233084,0.037407,2.877143,-0.264908,-1.185770#
1478277069.73,0.331820,-0.220065,0.024339,2.911448,0.234701,-0.592425#
1478277069.75,0.342428,-0.218774,0.031227,2.958143,0.567793,-0.374494#
1478277069.77,0.318627,-0.189530,-0.148377,3.007744,0.637337,-0.342482#
1478277069.79,0.356972,-0.239154,-0.167458,3.058185,0.708859,-0.473676#
1478277069.81,0.359997,-0.355161,-0.156768,3.113504,0.953120,-0.535946#
1478277069.84,0.365326,-0.478304,-0.093508,-3.103891,1.346670,-0.158696#
1478277069.86,0.370581,-0.506103,-0.031300,-3.026688,1.648198,0.343774#
1478277069.88,0.312376,-0.398986,0.056894,-2.942967,1.669511,0.621410#
1478277069.90,0.009174,0.273965,0.386630,-2.864497,1.300715,0.292567#
1478277069.92,-0.368785,0.540748,0.580134,-2.815480,0.722773,-0.778897#
1478277069.94,-0.386582,0.536461,0.587106,-2.780213,0.481572,-1.049036#
1478277069.96,-0.269394,0.244219,0.870681,-2.754855,0.152139,-1.223615#
1478277069.98,-0.060601,0.185372,0.548774,-2.710718,0.482062,-0.790671#
1478277070.01,0.090491,0.067468,0.364860,-2.658378,0.292789,1.105354#
1478277070.03,0.074391,0.134844,0.258397,-2.632345,0.291075,1.915452#
1478277070.05,0.127910,0.232341,-0.055382,-2.591833,0.587877,1.866014#
1478277070.07,0.374336,0.374469,-0.370235,-2.515508,0.869539,0.490541#
1478277070.09,0.205236,-0.162207,0.487588,-2.446016,0.348907,-1.989160#
1478277070.11,0.195029,-0.164258,0.487729,-2.402295,0.456476,-0.829001#
1478277070.13,0.229012,-0.565760,0.279028,-2.326549,0.666253,1.308234#
1478277070.15,0.498623,-0.174814,-0.483525,-2.190261,1.098126,1.720702#
1478277070.17,0.169352,0.379397,-0.170717,-1.999057,0.942773,0.728633#
1478277070.20,-0.482576,0.451841,0.123193,-1.825857,0.398449,-1.327123#
1478277070.22,-0.694886,0.051614,0.336223,-1.738584,0.320962,-0.624056#
1478277070.24,-0.366899,-0.045189,0.193703,-1.706877,0.654672,0.546237#
1478277070.26,-0.031958,-0.080013,0.218162,-1.687475,0.723371,1.267765#
1478277070.28,0.171546,-0.012769,0.092757,-1.660369,0.626619,0.615464#
1478277070.30,0.290882,0.016161,0.183221,-1.637565,0.420305,0.506550#
1478277070.32,0.279624,-0.067685,0.179494,-1.608981,0.231440,0.259219#
1478277070.34,0.021307,0.029396,0.109682,-1.569992,0.124265,0.282832#
1478277070.37,0.005083,0.065752,-0.012003,-1.526898,0.154145,0.320265#
1478277070.39,-0.003877,0.066269,-0.005287,-1.475757,0.418386,0.111051#
1478277070.41,0.010792,-0.027763,0.048450,-1.412785,0.577269,0.061649#
1478277070.43,0.007012,-0.023555,0.084948,-1.344065,0.652117,-0.012897#
1478277070.45,0.003894,-0.023888,0.143465,-1.271857,0.680071,-0.086113#
1478277070.47,-0.015262,-0.013098,0.179901,-1.199158,0.668334,-0.151724#
1478277070.49,-0.003599,0.005687,0.191563,-1.130003,0.684451,-0.004465#
1478277070.51,-0.038083,0.047031,0.218640,-1.066501,0.711352,0.155167#
1478277070.54,-0.083751,-0.018241,0.461493,-1.017150,0.656005,0.176637#
1478277070.56,-0.096295,-0.015016,0.471282,-0.975175,0.334990,-0.066367#
1478277070.58,-0.286938,0.053016,0.499363,-0.933673,-0.079532,-0.102974#
1478277070.60,-0.483721,0.119561,0.162732,-0.905537,-0.053691,-0.201728#
1478277070.62,-0.363996,0.238643,0.199524,-0.906777,0.004247,-0.211507#
1478277070.64,-0.142093,0.369242,0.361354,-0.936707,-0.074477,-0.306963#
1478277070.66,-0.045766,0.360901,0.650850,-0.981270,-0.634081,-0.417681#
1478277070.68,-0.235683,0.335344,0.588752,-1.036738,-1.416986,-0.333869#
1478277070.70,-0.252508,0.299498,0.448572,-1.135362,-1.648528,-0.398552#
1478277070.73,0.193353,0.137197,0.578832,-1.296577,-2.145125,-0.617335#
1478277070.75,0.219256,0.130312,0.526372,-1.552297,-2.671245,0.298066#
1478277070.77,0.504036,0.239831,0.232037,-1.906750,-2.289556,0.650553#
1478277070.79,0.169200,0.195039,-0.233019,-2.278149,-1.970626,0.306279#
1478277070.81,0.035347,0.132374,-0.159769,-2.613585,-1.771912,-0.019468#
1478277070.83,0.053315,0.135466,-0.196539,-2.897504,-1.930402,2.475722#
1478277070.85,0.142484,0.155384,0.237143,-2.994805,-1.162848,-0.655479#
1478277070.87,0.047670,0.170444,-0.119233,-3.063454,-1.009866,-1.743657#
1478277070.90,0.071330,0.149011,-0.078633,-3.093955,-0.833304,-1.711656#
1478277070.92,0.159643,0.039662,-0.161989,-3.112111,-0.946335,-1.957859#
1478277070.94,0.285965,-0.061794,-0.209611,-3.119873,-0.767835,-1.574001#
1478277070.96,0.414040,-0.161307,-0.185313,-3.119545,-0.637464,-1.450986#
1478277070.98,0.343273,-0.155523,-0.168251,-3.112877,-0.381142,-1.274265#
1478277071.00,0.350324,-0.150853,-0.179752,-3.098687,-0.079357,-1.303156#
1478277071.02,0.329444,-0.170297,-0.189804,-3.077816,0.240257,-1.289840#
1478277071.04,0.348302,-0.370918,-0.166976,-3.047392,0.558740,-1.035732#
1478277071.07,0.409199,-0.462431,-0.151419,-3.007122,0.942219,-0.550017#
1478277071.09,0.416428,-0.479177,-0.124926,-2.953318,1.355295,0.024603#
1478277071.11,0.379309,-0.423420,-0.041084,-2.883221,1.688077,0.539845#
1478277071.13,0.317478,-0.305629,0.131905,-2.800770,1.742304,0.724453#
1478277071.15,0.161425,0.037571,0.364186,-2.726229,1.334354,0.270155#
1478277071.17,-0.772706,0.847759,0.913204,-2.683341,0.739105,-0.424985#
1478277071.19,-0.782688,0.845769,0.914656,-2.669603,-0.061084,-1.391460#
1478277071.21,-0.774211,0.530002,1.253369,-2.672260,-0.221023,-1.045987#
1478277071.23,0.158898,-0.075273,0.413601,-2.637256,0.054292,0.226973#
1478277071.26,0.194958,-0.461121,0.234686,-2.607876,0.074765,0.700480#
1478277071.28,0.232425,-0.099702,-0.026332,-2.580142,0.393141,1.402870#
1478277071.30,0.339918,0.463653,-0.484756,-2.533728,0.872001,1.739169#
1478277071.32,0.305985,1.017748,-0.376205,-2.460010,0.666918,0.143055#
1478277071.34,0.122738,0.236843,0.537770,-2.460860,-0.164714,-2.104810#
1478277071.36,0.152322,-0.524047,0.406872,-2.434023,0.534677,0.732751#
1478277071.38,0.353108,-0.832620,-0.069315,-2.350412,0.949347,2.206157#
1478277071.40,0.614612,-0.607525,-0.313504,-2.231821,1.033301,2.445375#
1478277071.43,0.180106,0.640205,-0.378156,-2.081454,0.699036,0.636955#
1478277071.45,-0.378545,0.383209,0.012557,-1.927866,0.486461,-1.137016#
1478277071.47,-0.392341,0.382573,0.025026,-1.789130,0.799482,0.104620#
1478277071.49,-0.238922,-0.028114,0.003224,-1.667637,1.093863,1.183114#
1478277071.51,0.082753,-0.076089,0.077713,-1.567038,1.222552,1.425815#
1478277071.53,0.353202,-0.004570,0.061648,-1.480657,1.126806,0.817169#
1478277071.55,0.390708,-0.032561,0.155223,-1.410014,0.565123,0.343543#
1478277071.57,0.118546,-0.016201,0.236826,-1.337179,0.225664,0.674947#
1478277071.60,-0.153041,0.069979,0.221074,-1.267837,0.226773,0.703305#
1478277071.62,-0.135879,0.006535,0.144914,-1.211558,0.341438,0.617791#
1478277071.64,-0.147592,0.007793,0.153063,-1.160900,0.383923,0.530515#
1478277071.66,-0.078079,-0.041503,0.059407,-1.105817,0.486028,0.284096#
1478277071.68,-0.061883,-0.092908,0.092176,-1.046542,0.638502,0.065454#
1478277071.70,-0.077833,-0.086594,0.145015,-0.988439,0.758900,0.021136#
1478277071.72,-0.065241,-0.043695,0.221533,-0.933954,0.864195,0.120841#
1478277071.74,-0.035982,0.001469,0.336243,-0.886743,0.886638,0.206737#
1478277071.77,-0.029258,-0.016325,0.518178,-0.844632,0.634608,0.116878#
1478277071.79,-0.293774,-0.042072,0.562560,-0.799906,0.021659,-0.161059#
1478277071.81,-0.724740,0.196083,0.114761,-0.763067,-0.150182,-0.399236#
1478277071.83,-0.724241,0.195618,0.113412,-0.757079,-0.012811,-0.165664#
1478277071.85,-0.553864,0.265128,0.170555,-0.799826,0.208553,0.115694#
1478277071.87,-0.002678,0.433934,0.905451,-0.862019,-0.317064,-0.070542#
1478277071.89,-0.353328,0.342188,0.621884,-0.916225,-1.441069,-0.062346#
1478277071.91,-0.328997,0.332578,0.587939,-1.008346,-1.712377,0.156723#
1478277071.93,-0.188437,0.300051,0.333241,-1.180119,-2.086933,-0.167235#
1478277071.96,0.338402,0.358229,0.490681,-1.446735,-2.502692,-0.208205#
1478277071.98,0.748988,0.556106,0.231655,-1.797017,-2.307707,0.472392#
1478277072.00,0.955720,0.525344,0.000362,-2.158349,-2.284679,1.150355#
1478277072.02,0.484847,0.224477,-0.350326,-2.521765,-2.259326,0.340855#
1478277072.04,-0.144455,0.136685,-0.233316,-2.820900,-2.130842,0.135968#
1478277072.06,-0.079277,0.227142,0.000726,-3.004131,-1.723117,-0.406839#
1478277072.08,-0.076957,0.228708,-0.194736,-3.110792,-1.424811,-1.714037#
1478277072.10,-0.059749,0.236672,-0.229480,3.122251,-1.199036,-1.898530#
1478277072.13,0.193701,-0.147955,-0.239866,3.105618,-1.120515,-2.227378#
1478277072.15,0.387028,-0.279887,-0.273316,3.097197,-1.059930,-2.085614#
1478277072.17,0.487688,-0.378018,-0.316651,3.087721,-0.973614,-2.059652#
1478277072.19,0.466591,-0.410619,-0.335012,3.086054,-0.574822,-1.761441#
1478277072.21,0.385423,-0.374052,-0.328117,3.095639,-0.074861,-1.249577#
1478277072.23,0.306653,-0.360332,-0.309406,3.120877,0.509565,-0.794207#
1478277072.25,0.325201,-0.446083,-0.189871,-3.114618,1.140116,-0.428214#
1478277072.27,0.328056,-0.452736,-0.161451,-3.042313,1.678129,-0.073119#
1478277072.30,0.341113,-0.488775,-0.063877,-2.949559,1.975808,0.253277#
1478277072.32,0.282451,-0.231132,0.233702,-2.851446,1.917712,0.547040#
1478277072.34,0.143337,0.316790,0.457036,-2.774144,1.451874,0.620192#
1478277072.36,-0.404529,0.834612,0.694037,-2.730911,0.930050,0.382397#
1478277072.38,-0.779568,0.843511,1.165001,-2.710721,0.046558,-1.034770#
1478277072.40,-0.395686,0.423268,1.055770,-2.715859,-0.246273,-1.329649#
1478277072.42,0.027408,0.174639,0.593942,-2.694296,-0.003050,-0.391798#
1478277072.44,0.028123,-0.346814,0.293178,-2.668659,0.151295,0.508800#
1478277072.46,0.157929,-0.641640,0.083537,-2.634532,0.633225,1.706475#
1478277072.49,0.323875,-0.277591,-0.386417,-2.560951,1.504583,2.642577#
1478277072.51,0.509610,1.554298,-0.515482,-2.426501,1.473168,1.148931#
1478277072.53,-0.052014,0.310030,1.298397,-2.317320,0.246213,-3.607297#
1478277072.55,-0.046367,0.311034,1.293427,-2.295123,0.477391,-0.355708#
1478277072.57,0.289938,-0.858741,-0.083251,-2.198625,0.941029,2.941015#
1478277072.59,0.615814,-0.673387,-0.530795,-2.046046,0.993311,2.754287#
1478277072.61,0.656786,-0.025099,-0.600902,-1.855008,0.339209,0.688321#
1478277072.63,0.057844,0.713554,-0.661265,-1.621164,0.349044,-1.601989#
1478277072.66,-0.528195,0.264473,-0.172433,-1.386664,1.275643,0.086286#
1478277072.68,-0.607529,-0.005178,0.234564,-1.301652,1.348172,1.585786#
1478277072.70,0.059446,0.024243,0.432688,-1.297702,1.302068,1.950090#
1478277072.72,0.063845,0.028918,0.457308,-1.302039,0.889742,0.912734#
1478277072.74,0.446133,-0.003308,0.289595,-1.286933,0.228206,0.187040#
1478277072.76,0.124038,-0.022005,0.109069,-1.238596,0.136279,0.773757#
1478277072.78,-0.067529,0.057152,0.020193,-1.169803,0.092371,0.897891#
1478277072.80,-0.142295,0.007995,0.037257,-1.102761,0.392079,0.825911#
1478277072.83,-0.092663,-0.058810,0.078474,-1.041105,0.633194,0.425897#
1478277072.85,-0.059925,-0.100946,0.069304,-0.982235,0.716795,0.031171#
1478277072.87,-0.097928,-0.106777,0.096691,-0.926696,0.750335,0.051276#
1478277072.89,-0.089059,0.009471,0.289603,-0.875300,0.810715,0.244341#
1478277072.91,-0.105189,0.015019,0.306401,-0.833843,0.842363,0.421159#
1478277072.93,-0.050526,0.098820,0.481728,-0.803504,0.651459,0.381380#
1478277072.95,-0.247383,-0.002362,0.452378,-0.770774,0.116531,0.123386#
1478277072.97,-0.514457,0.062185,0.206104,-0.734462,-0.185872,0.021186#
1478277073.00,-0.520306,0.062049,0.203859,-0.714325,-0.038068,0.062374#
1478277073.02,-0.515826,0.228501,0.118616,-0.719205,0.089549,0.054262#
1478277073.04,-0.205437,0.336215,0.265952,-0.747502,0.094224,-0.142234#
1478277073.06,-0.043018,0.394172,0.609123,-0.780603,-0.402608,-0.315312#
1478277073.08,-0.293327,0.325280,0.653528,-0.808924,-1.252949,-0.208380#
1478277073.10,-0.455010,0.343425,0.471565,-0.859871,-1.683611,-0.103769#
1478277073.12,-0.364991,0.376544,0.330686,-0.972129,-1.946336,-0.432858#
1478277073.14,0.434123,0.331677,0.512257,-1.151110,-2.240821,-0.449225#
1478277073.16,0.557090,0.454899,0.004980,-1.421050,-2.357230,0.498892#
1478277073.19,0.577798,0.451946,-0.039001,-1.804976,-2.036495,1.037044#
1478277073.21,0.036981,0.173064,-0.223964,-2.279804,-1.947137,0.946868#
1478277073.23,-0.078631,0.202563,-0.098498,-2.699077,-1.844251,1.564764#
1478277073.25,-0.114752,0.104750,-0.079453,-2.949341,-1.680515,-1.240149#
1478277073.27,0.020486,0.188110,-0.052461,-3.079548,-1.440082,-1.519502#
1478277073.29,-0.090896,0.244451,-0.267041,-3.134645,-1.230503,-2.347401#
1478277073.31,0.128225,0.083007,-0.304730,3.133933,-1.031455,-2.230181#
1478277073.33,0.339666,-0.254412,-0.185125,3.140743,-0.916872,-2.066783#
1478277073.36,0.356383,-0.244668,-0.213734,-3.140393,-0.908254,-1.874511#
1478277073.38,0.420663,-0.238574,-0.253577,-3.134784,-0.668353,-1.780986#
1478277073.40,0.325086,-0.204541,-0.325134,-3.121273,-0.312069,-1.645925#
1478277073.42,0.275825,-0.267003,-0.348323,-3.097823,0.120962,-1.462213#
1478277073.44,0.279344,-0.266152,-0.347716,-3.059671,0.582622,-1.226291#
1478277073.46,0.403504,-0.520147,-0.249180,-3.006239,1.089557,-0.915003#
1478277073.48,0.447326,-0.585380,-0.196512,-2.936129,1.633802,-0.372534#
1478277073.50,0.460954,-0.582601,-0.072405,-2.849622,2.024252,0.395954#
1478277073.53,0.405095,-0.406365,0.089542,-2.750812,2.128312,0.961787#
1478277073.55,0.289639,-0.050521,0.303436,-2.653386,1.837339,0.913082#
1478277073.57,-0.170706,0.501675,0.537914,-2.577436,1.074534,0.049761#
1478277073.59,-0.969425,0.929025,1.338623,-2.570618,-0.306857,-1.519202#
1478277073.61,-0.225645,0.461155,0.716298,-2.568876,-0.099710,-1.265803#
1478277073.63,-0.199841,0.467082,0.711756,-2.541302,-0.208273,0.098544#
1478277073.65,0.184252,-0.597182,0.313066,-2.518145,0.083174,1.451850#
1478277073.67,0.338172,-0.222847,-0.396041,-2.492883,0.574102,1.976888#
1478277073.69,0.442050,0.687774,-0.922050,-2.429315,0.986812,1.074162#
1478277073.72,0.271824,1.347200,-0.156885,-2.385156,0.027652,-2.911053#
1478277073.74,0.069132,-0.037471,0.756326,-2.410125,-0.135900,-1.299735#
1478277073.76,0.301093,-0.860438,0.062694,-2.366194,0.735007,2.074363#
1478277073.78,0.894557,-0.510977,-0.316197,-2.269653,1.071126,2.632213#
1478277073.80,0.873497,-0.514513,-0.286854,-2.156416,0.742843,1.583973#
1478277073.82,0.556719,0.238974,-0.415534,-2.084849,0.059395,-0.575056#
1478277073.84,-0.688761,0.342667,-0.031469,-2.018863,0.558030,0.329734#
1478277073.86,-0.319946,0.031722,0.127335,-1.899139,1.124853,1.518314#
1478277073.89,0.262240,-0.227602,0.185577,-1.780235,1.138332,1.693238#
1478277073.91,0.433121,-0.218767,0.132468,-1.661539,0.848286,0.194295#
1478277073.93,0.147413,-0.090203,-0.060072,-1.553912,0.464526,-0.015639#
1478277073.95,-0.086060,0.029752,-0.079296,-1.447203,0.583535,0.750898#
1478277073.97,-0.104872,0.093161,0.054592,-1.348589,0.743080,0.583129#
1478277073.99,-0.017911,0.015561,0.137509,-1.262818,0.689634,0.191484#
1478277074.01,0.022162,-0.065596,0.134530,-1.178304,0.700830,0.356518#
1478277074.03,0.058939,-0.069632,0.155476,-1.092297,0.686768,0.522784#
1478277074.06,0.055273,-0.069008,0.112757,-1.002236,0.690974,0.382843#
1478277074.08,0.033532,-0.065805,0.127362,-0.911439,0.707543,0.429414#
1478277074.10,-0.042768,0.011137,0.150044,-0.830491,0.789724,0.593728#
1478277074.12,-0.084558,0.075590,0.326740,-0.768534,0.830390,0.648710#
1478277074.14,-0.165584,0.014507,0.535118,-0.723221,0.542851,0.455888#
1478277074.16,-0.387291,0.034148,0.473137,-0.680038,0.017443,0.227463#
1478277074.18,-0.625544,0.061325,0.126873,-0.649299,-0.012490,-0.022090#
1478277074.20,-0.655624,0.113333,0.070418,-0.646150,0.137008,0.174214#
1478277074.22,-0.177003,0.275465,0.360842,-0.667735,0.310944,0.277930#
1478277074.25,-0.170600,0.276172,0.364868,-0.697810,0.104661,0.181087#
1478277074.27,-0.036786,0.324871,0.666142,-0.719557,-0.467192,-0.146778#
1478277074.29,-0.409986,0.266897,0.724859,-0.740305,-1.149359,-0.008703#
1478277074.31,-0.459151,0.263432,0.488373,-0.783586,-1.706115,0.068558#
1478277074.33,-0.366338,0.245097,0.294534,-0.885623,-2.042526,-0.176247#
1478277074.35,0.090364,0.185223,0.237823,-1.093127,-2.408751,-0.497544#
1478277074.37,0.566767,0.444599,0.223358,-1.450300,-2.391894,-0.266504#
1478277074.39,0.848175,0.627303,0.055904,-1.940631,-2.311420,0.719619#
1478277074.42,0.159908,0.133495,-0.064043,-2.447759,-2.225847,1.406865#
1478277074.44,0.177541,0.135886,-0.105379,-2.822180,-1.980756,0.675511#
1478277074.46,-0.133822,0.114111,-0.122138,-3.029769,-1.672490,-0.180874#
1478277074.48,0.001725,0.080450,-0.094056,3.139290,-1.547362,-0.458336#
1478277074.50,0.117183,0.070977,-0.213041,3.081801,-1.237662,-1.124597#
1478277074.52,0.211167,0.023863,-0.230367,3.059810,-1.097561,-1.495015#
1478277074.54,0.253644,-0.079841,-0.237235,3.069370,-0.722381,-1.775946#
1478277074.56,0.234873,-0.161553,-0.112553,3.086630,-0.598679,-1.769089#
1478277074.59,0.254466,-0.247509,-0.118073,3.098191,-0.472489,-1.277646#
1478277074.61,0.346423,-0.302786,-0.181541,3.107693,-0.211275,-0.874195#
1478277074.63,0.374331,-0.284830,-0.271320,3.118651,0.113862,-0.764575#
1478277074.65,0.356587,-0.277924,-0.308647,3.137924,0.497752,-0.609578#
1478277074.67,0.424023,-0.423329,-0.229088,-3.111380,0.920607,-0.304717#
1478277074.69,0.420438,-0.429782,-0.204501,-3.057904,1.425814,0.116555#
1478277074.71,0.412617,-0.505692,-0.151559,-2.982304,1.879456,0.490785#
1478277074.73,0.369175,-0.372228,0.001217,-2.888772,2.082454,0.724823#
1478277074.76,0.017059,-0.048634,0.186309,-2.783126,1.862223,0.481220#
1478277074.78,-0.518960,0.536881,0.636481,-2.685782,1.156429,0.029595#
1478277074.80,-1.081580,0.902441,1.359547,-2.645448,0.026898,-0.677132#
1478277074.82,-0.816234,0.622141,1.021682,-2.623536,-0.064940,-0.471826#
1478277074.84,-0.254242,0.485083,0.349932,-2.580675,-0.121605,-0.404245#
1478277074.86,0.219690,-0.404979,0.480290,-2.582730,-0.463221,1.128198#
1478277074.88,0.229380,-0.402860,0.482588,-2.604833,-0.170555,1.879580#
1478277074.90,0.676247,0.137657,-0.050378,-2.619216,0.049867,-0.309483#
1478277074.92,-0.244557,0.564923,0.217126,-2.653733,-0.398357,-1.792871#
1478277074.95,-0.261105,-0.313718,-0.041974,-2.673777,-0.048116,0.494793#
1478277074.97,0.454416,-1.012388,-0.460900,-2.585652,1.074263,2.303463#
1478277074.99,0.986984,-0.839360,-0.073696,-2.503844,0.675596,0.833691#
1478277075.01,0.783676,0.019696,0.047347,-2.465209,0.347949,0.152679#
1478277075.03,0.118793,0.643057,-0.050543,-2.426941,0.266199,-0.592163#
1478277075.05,-0.456027,0.646242,0.175223,-2.401353,0.087055,-0.029686#
1478277075.07,-0.335708,-0.008792,-0.015951,-2.352209,0.411199,0.611499#
1478277075.09,-0.071195,-0.083111,-0.257431,-2.178943,1.105776,0.170754#
1478277075.12,-0.071910,0.062281,0.112401,-1.930306,1.157632,0.107054#
1478277075.14,-0.117855,0.034036,0.175143,-1.681125,1.180223,0.671996#
1478277075.16,-0.128963,0.035494,0.200082,-1.493341,1.066968,0.991205#
1478277075.18,0.179751,0.025650,0.100241,-1.354048,0.868102,0.835266#
1478277075.20,0.118334,-0.016751,0.111079,-1.216763,0.792527,0.528370#
1478277075.22,-0.079502,-0.023259,0.163987,-1.092334,0.614427,0.313803#
1478277075.24,-0.183643,-0.013670,0.165901,-0.996353,0.580933,0.290471#
1478277075.26,-0.188542,-0.060823,0.233125,-0.926280,0.569707,0.384120#
1478277075.29,-0.131746,-0.092443,0.238207,-0.865322,0.548153,0.362171#
1478277075.31,-0.146000,-0.066459,0.137048,-0.805708,0.555348,0.360609#
1478277075.33,-0.161241,-0.063365,0.148501,-0.752321,0.570926,0.371457#
1478277075.35,-0.191933,-0.039788,0.165321,-0.707554,0.570857,0.388537#
1478277075.37,-0.193579,-0.066957,0.364175,-0.673593,0.571462,0.268069#
1478277075.39,-0.299133,-0.003639,0.514866,-0.648337,0.528808,0.142857#
1478277075.41,-0.420787,0.105078,0.513534,-0.627258,0.203507,0.055422#
1478277075.43,-0.497591,0.105490,0.281922,-0.609661,-0.089966,-0.146620#
1478277075.45,-0.468936,0.198640,0.160930,-0.611144,-0.113351,-0.252034#
1478277075.48,-0.301151,0.225072,0.298604,-0.629965,-0.416346,-0.723424#
1478277075.50,-0.301935,0.265782,0.611667,-0.652313,-1.110748,-0.793264#
1478277075.52,-0.282262,0.256991,0.578155,-0.685771,-1.949902,-0.236463#
1478277075.54,-0.365486,0.332402,0.476199,-0.782443,-2.252313,-0.300045#
1478277075.56,0.336419,0.355981,0.509753,-1.033791,-2.510426,-0.357337#
1478277075.58,0.532412,0.455151,0.112204,-1.639623,-2.706535,0.916095#
1478277075.60,0.558689,0.455348,0.061238,-2.564021,-2.340560,1.548482#
1478277075.62,0.243160,0.286315,-0.385590,-3.038999,-2.171302,0.819890#
1478277075.65,-0.119167,0.174723,-0.197010,3.045229,-1.788371,-0.077497#
1478277075.67,-0.374132,0.222445,-0.051081,2.985909,-1.412442,-0.742427#
1478277075.69,-0.257828,0.236366,0.025408,2.972883,-1.239435,-1.230507#
1478277075.71,-0.118903,0.166831,-0.211648,2.987867,-0.893309,-1.710096#
1478277075.73,0.051014,0.079191,-0.299628,3.019676,-0.829942,-2.390660#
1478277075.75,0.307502,-0.237182,-0.290198,3.048607,-0.803383,-2.680573#
1478277075.77,0.374242,-0.327765,-0.199412,3.070294,-0.636014,-2.261084#
1478277075.79,0.378732,-0.321437,-0.217894,3.087432,-0.347859,-1.710349#
1478277075.82,0.404682,-0.179871,-0.224367,3.104310,-0.074213,-1.383713#
1478277075.84,0.375800,-0.185421,-0.273145,3.121992,0.110687,-1.346391#
1478277075.86,0.325867,-0.339248,-0.245993,-3.136004,0.390460,-1.278550#
1478277075.88,0.340633,-0.475267,-0.232447,-3.102960,0.668890,-0.938079#
1478277075.90,0.351429,-0.532382,-0.271247,-3.065709,1.034530,-0.493439#
1478277075.92,0.312805,-0.519648,-0.260715,-3.017770,1.544378,-0.042303#
1478277075.94,0.110259,-0.299214,-0.034641,-2.953922,1.965939,0.517804#
1478277075.96,0.099464,-0.310374,0.011066,-2.869160,2.111168,0.798901#
1478277075.99,-0.084400,0.043383,0.258239,-2.773879,1.757052,0.429722#
1478277076.01,-0.564814,0.938847,1.021505,-2.689355,1.073524,-0.642313#
1478277076.03,-0.430293,0.711958,1.054225,-2.620944,0.352937,-0.950649#
1478277076.05,-0.039060,0.346506,0.793890,-2.567335,0.098770,-0.296755#
1478277076.07,0.110043,0.025318,0.646348,-2.532206,-0.089786,0.938912#
1478277076.09,0.203123,-0.383114,0.250073,-2.508770,0.125471,1.123378#
1478277076.11,0.201147,-0.160153,-0.092293,-2.482093,0.519439,0.094778#
1478277076.13,0.035952,0.209336,-0.238510,-2.423711,0.978322,-0.362898#
1478277076.15,-0.097159,0.460937,-0.082349,-2.330830,0.994613,-0.463237#
1478277076.18,-0.125320,0.411399,0.542215,-2.281247,0.232342,0.131230#
1478277076.20,0.459521,-0.510706,-0.276846,-2.244074,0.488335,2.173936#
1478277076.22,1.047697,-0.603376,-0.325717,-2.175200,0.854446,1.718817#
1478277076.24,1.033496,-0.605922,-0.304217,-2.072580,1.015333,-0.590955#
1478277076.26,0.077457,0.163328,0.081105,-1.955027,0.797097,0.035067#
1478277076.28,-0.719011,0.663532,-0.313377,-1.871976,0.284928,1.605196#
1478277076.30,-0.457454,0.355922,-0.299230,-1.795484,0.790705,1.477624#
1478277076.32,0.236637,-0.156037,0.272014,-1.689520,1.183803,0.732266#
1478277076.35,0.410308,-0.152301,0.374598,-1.582759,0.886964,0.662394#
1478277076.37,0.112729,0.042240,0.026067,-1.481566,0.643970,0.685573#
1478277076.39,0.090141,-0.003031,0.044709,-1.390333,0.623255,1.254139#
1478277076.41,0.072542,-0.002164,0.060264,-1.307261,0.547816,1.448069#
1478277076.43,0.050000,0.054385,0.032355,-1.237505,0.485244,1.215425#
1478277076.45,-0.101026,0.018358,0.170950,-1.178001,0.426384,1.209845#
1478277076.47,-0.165140,-0.020611,0.148186,-1.124757,0.434041,1.118028#
1478277076.49,-0.146110,-0.041260,0.135131,-1.074060,0.498783,1.151455#
1478277076.52,-0.113696,-0.029962,0.088289,-1.023196,0.504161,1.025295#
1478277076.54,-0.094818,-0.018172,0.093140,-0.970418,0.503273,0.699646#
1478277076.56,-0.085119,0.023388,0.179516,-0.918882,0.587636,0.652015#
1478277076.58,-0.051870,0.061969,0.278087,-0.873840,0.664319,0.708756#
1478277076.60,-0.018829,0.033884,0.429021,-0.841071,0.561496,0.602270#
1478277076.62,-0.062347,-0.065933,0.584616,-0.811535,0.136026,0.330554#
1478277076.64,-0.673076,0.007567,0.104586,-0.774282,-0.300814,0.178838#
1478277076.66,-0.669381,0.115122,0.004625,-0.754921,-0.138216,0.151631#
1478277076.68,-0.667342,0.114860,0.004243,-0.770013,0.081632,0.472403#
1478277076.71,-0.085489,0.246173,0.358816,-0.809402,0.132321,0.450525#
1478277076.73,0.039778,0.297405,0.677763,-0.847984,-0.277800,0.489401#
1478277076.75,-0.180568,0.296966,0.752586,-0.881880,-0.981782,0.399471#
1478277076.77,-0.360726,0.257848,0.571716,-0.932310,-1.528733,0.429049#
1478277076.79,-0.317903,0.161633,0.454549,-1.034273,-1.953745,0.604648#
1478277076.81,-0.098458,0.065121,0.450173,-1.218227,-2.596899,0.619947#
1478277076.83,0.694446,0.508778,0.183118,-1.555199,-2.575592,0.929762#
1478277076.85,0.714589,0.506169,0.131947,-2.091389,-2.455403,1.658533#
1478277076.88,0.745990,0.615740,-0.084312,-2.734149,-2.393217,1.711757#
1478277076.90,-0.109455,0.113304,-0.226671,3.080485,-2.263609,0.995233#
1478277076.92,-0.332588,0.184294,0.008088,2.853657,-1.945255,0.288465#
1478277076.94,-0.234348,0.227332,-0.082346,2.755669,-1.484596,-0.023256#
1478277076.96,-0.078200,0.146977,-0.166630,2.708256,-1.180389,-0.800884#
1478277076.98,0.090137,0.013835,-0.221355,2.699092,-0.884951,-1.237901#
1478277077.00,0.199513,-0.096504,-0.197203,2.710302,-0.715497,-1.479008#
1478277077.02,0.333025,-0.245251,-0.125886,2.724506,-0.563515,-1.348713#
1478277077.05,0.339421,-0.240856,-0.139492,2.736940,-0.349710,-1.080024#
1478277077.07,0.307711,-0.305301,-0.108775,2.745322,-0.105675,-0.601453#
1478277077.09,0.319053,-0.360800,-0.270428,2.749036,0.140115,-0.237641#
1478277077.11,0.311171,-0.422852,-0.270770,2.753969,0.404361,-0.204431#
1478277077.13,0.305170,-0.426676,-0.259420,2.767784,0.718041,-0.196459#
1478277077.15,0.233212,-0.454777,-0.146984,2.793758,1.045185,0.013356#
1478277077.17,0.160966,-0.404268,-0.112415,2.833071,1.355712,0.168171#
1478277077.19,0.063167,-0.361525,-0.061866,2.888482,1.588356,0.270146#
1478277077.22,-0.039614,-0.247023,0.084809,2.963194,1.603101,0.440817#
1478277077.24,-0.161517,0.052839,0.361400,3.039272,1.256541,0.506983#
1478277077.26,-0.436426,0.435379,0.628058,3.107398,0.779431,0.015821#
1478277077.28,-0.947250,0.871298,1.047126,-3.086036,0.235151,-0.694622#
1478277077.30,-0.352859,0.421537,0.787193,-3.020128,-0.226432,-0.893315#
1478277077.32,-0.326372,0.425676,0.779157,-2.987746,-0.265424,-0.526601#
1478277077.34,0.341677,-0.576780,0.227906,-2.949638,0.050291,0.287047#
1478277077.36,0.300992,-0.374126,-0.010988,-2.909130,0.419849,0.586368#
1478277077.38,0.038179,0.050759,-0.123106,-2.860956,0.711931,0.524016#
1478277077.41,0.054718,0.359034,-0.070307,-2.762659,0.966440,0.104426#
1478277077.43,-0.133582,0.498632,0.411966,-2.670259,0.327366,-0.449899#
1478277077.45,-0.063303,0.264055,0.663089,-2.674685,-0.094643,0.617111#
1478277077.47,0.416429,-0.533648,-0.100944,-2.684343,-0.064754,2.153907#
1478277077.49,0.407756,-0.534840,-0.093065,-2.677899,0.224226,2.505967#
1478277077.51,0.500935,-0.483087,-0.326445,-2.613666,0.312776,1.291977#
1478277077.53,0.025031,0.090412,0.012667,-2.494390,0.417500,-0.502269#
1478277077.55,-0.390363,0.280533,-0.084423,-2.354457,0.593222,-0.487049#
1478277077.58,-0.489763,0.352757,-0.036724,-2.235100,0.249683,1.721193#
1478277077.60,-0.097029,0.145360,-0.178326,-2.075062,0.991023,1.319868#
1478277077.62,0.205531,-0.015699,0.282142,-1.920073,0.566619,0.546036#
1478277077.64,0.074665,0.033673,0.026740,-1.777478,0.484027,-0.054606#
1478277077.66,-0.087974,0.022278,0.015141,-1.622296,0.394160,0.380388#
1478277077.68,-0.205692,0.057484,-0.069695,-1.483687,0.442390,0.612980#
1478277077.70,-0.129589,-0.063815,0.094835,-1.369793,0.500903,0.444867#
1478277077.72,-0.047075,-0.092492,0.156005,-1.288294,0.343751,0.136808#
1478277077.75,-0.028298,-0.222766,0.209656,-1.229580,0.297120,0.087654#
1478277077.77,-0.037462,-0.221960,0.214701,-1.170520,0.230110,0.271428#
1478277077.79,-0.148648,-0.125399,0.082572,-1.120980,0.231721,0.444723#
1478277077.81,-0.100655,-0.020694,0.056063,-1.081588,0.257481,0.589733#
1478277077.83,-0.016059,-0.060808,0.101323,-1.051466,0.360143,0.492907#
1478277077.85,0.091976,-0.020970,0.278455,-1.021649,0.196870,0.439849#
1478277077.87,0.048154,-0.395553,0.336110,-0.972703,0.129174,0.754545#
1478277077.89,-0.144714,-0.093008,0.231211,-0.898956,0.074459,0.615907#
1478277077.91,-0.504590,0.167192,0.141954,-0.845888,0.392535,0.221098#
1478277077.94,-0.518023,0.170024,0.150141,-0.810998,0.342297,0.173244#
1478277077.96,-0.598397,-0.303694,0.062485,-0.797854,0.296083,0.075817#
1478277077.98,-0.379052,0.075049,0.332955,-0.841923,0.817268,0.730164#
1478277078.00,-0.197378,0.049482,0.638512,-0.903470,0.556055,1.329661#
1478277078.02,-0.108347,0.056345,0.639500,-0.950122,-0.027150,0.859058#
1478277078.04,-0.202725,0.137401,0.525535,-0.975880,-0.628085,0.845249#
1478277078.06,-0.289155,0.075863,0.456120,-1.000178,-1.300740,1.525857#
1478277078.08,-0.278614,0.333390,0.334395,-1.042499,-1.774199,2.288324#
1478277078.11,-0.036996,0.628531,0.232357,-1.109080,-1.950151,3.136294#
1478277078.13,0.452085,1.095922,0.169964,-0.974535,-1.822986,4.083336#
1478277078.15,0.563921,0.091151,-0.008315,-0.433207,-1.095272,3.907036#
1478277078.17,0.799449,0.043471,-0.265020,-0.267799,-0.083030,1.293434#
1478277078.19,0.498009,0.383824,0.302937,-0.051795,-1.290033,-1.461353#
1478277078.21,0.525672,0.383945,0.277835,1.568030,-0.729568,-5.782201#
1478277078.23,-0.509015,0.468156,-0.250099,2.341173,-1.163333,-10.798653#
1478277078.25,-0.215580,-0.772660,0.270391,2.550033,-1.363920,-3.607476#
1478277078.28,0.060941,-0.692380,0.404251,2.318240,-1.465336,2.530433#
1478277078.30,0.294481,-0.350280,0.330081,1.922430,-2.105097,6.309455#
1478277078.32,0.943661,-0.411910,-0.170859,1.832920,-0.493084,4.837071#
1478277078.34,1.453520,0.668971,-0.813797,1.895041,0.378336,-1.492667#
1478277078.36,-0.100132,-0.332243,-0.041014,1.967512,0.731650,-0.736400#
1478277078.38,-0.097138,-0.333734,-0.030365,2.021650,0.477408,-0.603100#
1478277078.40,-0.047775,-0.068612,0.065397,2.063901,0.271873,0.123861#
1478277078.42,-0.479517,0.305910,0.050714,2.074387,0.563357,1.758770#
1478277078.44,-0.350554,0.286223,0.138193,2.133562,1.163371,1.739158#
1478277078.47,-0.259143,0.330836,0.033497,2.332357,1.717051,0.879180#
1478277078.49,-0.204595,0.527053,-0.150770,2.742990,2.022746,-0.620091#
1478277078.51,0.157456,0.733474,-0.079005,3.102510,1.869218,-0.636515#
1478277078.53,0.706408,0.204578,0.156110,-3.021450,1.069984,-2.775998#
1478277078.55,-0.244522,-0.085902,0.183662,-2.911972,1.234247,-6.402398#
1478277078.57,-0.195243,-0.073320,0.165973,-2.858795,0.623362,-5.839406#
1478277078.59,-0.403964,0.135385,0.391243,-2.869258,-0.770623,-2.953647#
1478277078.61,0.429616,-0.354998,0.154739,-2.913676,-0.804600,-1.021903#
1478277078.64,0.242523,-0.493133,0.157146,-2.942662,-0.314810,-0.401693#
1478277078.66,0.237033,-0.494721,0.152062,-2.963115,-0.221289,0.414406#
1478277078.68,-0.301380,-0.108561,0.397682,-2.978793,-0.304663,1.026311#
1478277078.70,-0.746602,0.472368,0.813966,-2.971401,0.319014,3.671170#
1478277078.72,-0.535859,0.583890,-0.027585,-2.991308,-0.612159,2.286699#
1478277078.74,-0.079824,0.457606,-0.236058,-2.993114,0.187679,1.474692#
1478277078.76,0.011946,0.496006,-0.407840,-2.903542,1.548394,-2.769426#
1478277078.78,-0.001177,0.251219,0.361856,-2.828420,1.149635,-3.355977#
1478277078.81,0.375417,0.117449,0.198983,-2.756197,2.020352,-3.348953#
1478277078.83,0.202522,0.126773,0.401467,-2.644541,2.530227,-0.966449#
1478277078.85,0.210624,0.135013,0.463452,-2.548247,1.970459,2.680829#
1478277078.87,-0.269720,-0.309092,0.494033,-2.517434,0.289017,2.679486#
1478277078.89,-0.020423,-0.171642,0.857379,-2.535638,-0.427515,4.262032#
1478277078.91,0.027829,-0.172249,0.343607,-2.597790,-1.358720,4.953976#
1478277078.93,0.096061,-0.221308,0.181131,-2.691808,-1.990349,3.527450#
1478277078.95,-0.150344,-0.094970,-0.497263,-2.745281,-0.133124,4.045053#
1478277078.98,-0.468375,-0.080215,-0.211101,-2.757481,0.812969,4.085397#
1478277079.00,-0.671703,-0.215022,0.572979,-2.776078,0.609293,3.995304#
1478277079.02,-0.651542,-0.176273,0.620219,-2.828163,-0.155717,3.660825#
1478277079.04,-0.549942,-0.160876,0.518334,-2.907165,-0.634185,3.216498#
1478277079.06,-0.254395,-0.059766,0.122527,-2.991570,-0.498091,3.450288#
1478277079.08,-0.176538,-0.088132,0.132379,-3.067974,0.039742,4.120051#
1478277079.10,-0.223159,-0.022835,0.294336,-3.139882,0.301843,4.390261#
1478277079.12,-0.159137,0.043348,0.447227,3.065445,0.168554,4.890498#
1478277079.14,-0.051678,0.156491,0.477860,2.974807,-0.139846,5.814687#
1478277079.17,0.149292,0.196844,0.422117,2.874571,-0.201706,6.450530#
1478277079.19,0.445236,0.189728,0.340658,2.771822,-0.149163,6.487920#
1478277079.21,0.585047,0.183448,0.255459,2.681011,0.165400,5.478093#
1478277079.23,0.618667,0.133744,0.182195,2.609971,0.186656,3.171428#
1478277079.25,0.356220,0.022244,0.165803,2.556833,-0.049640,1.216205#
1478277079.27,0.221815,0.054856,0.256369,2.511314,-0.217815,0.910453#
1478277079.29,0.199297,0.060242,0.263081,2.467044,-0.327227,1.676393#
1478277079.31,0.233130,-0.107102,0.162243,2.420419,-0.960562,0.618003#
1478277079.34,0.291245,-0.227117,-0.671931,2.379456,-1.123669,-2.555098#
1478277079.36,-0.341261,0.121237,0.012164,2.343836,1.560682,1.563257#
1478277079.38,0.117795,-0.059199,0.059142,2.315279,1.798399,0.812859#
1478277079.40,-0.104522,0.085239,0.292783,2.287624,1.408205,1.233930#
1478277079.42,-0.092587,0.106010,0.158956,2.251505,1.076433,1.002177#
1478277079.44,0.049418,-0.106840,-0.005382,2.209509,0.497385,0.169274#
1478277079.46,0.046853,-0.092333,-0.005180,2.167260,0.240478,0.088782#
1478277079.48,0.039143,-0.109799,0.072892,2.122526,0.112699,-0.066431#
1478277079.51,0.086299,-0.115049,-0.088927,2.068063,0.075245,-0.485212#
1478277079.53,0.073949,-0.051946,0.255837,2.006276,-0.412268,0.163853#
1478277079.55,0.059015,-0.066844,0.327477,1.950249,-1.558571,1.769094#
1478277079.57,0.088955,-0.147783,-0.081911,1.903949,-1.518010,2.057185#
1478277079.59,0.155332,-0.221575,-0.482361,1.864464,-0.036517,0.416679#
1478277079.61,0.143675,-0.224138,-0.141085,1.836848,0.530281,-0.270929#
1478277079.63,0.117275,-0.186408,0.087560,1.820203,0.196621,0.084542#
1478277079.65,0.108004,-0.155859,0.096548,1.809792,-0.006789,0.362854#
1478277079.67,0.151968,-0.128247,0.062006,1.805542,0.046241,0.307800#
1478277079.70,0.042615,-0.036532,0.030169,1.799857,0.104369,-0.063678#
1478277079.72,-0.005218,-0.046727,0.052157,1.804030,0.094443,-0.262621#
1478277079.74,-0.001794,-0.046042,0.052093,1.808684,-0.006440,-0.028823#
1478277079.76,-0.002611,-0.020476,0.028519,1.813021,-0.066139,0.140808#
1478277079.78,-0.005197,-0.022662,0.008710,1.817764,-0.030989,0.076360#
1478277079.80,-0.000116,0.003197,-0.000055,1.821709,0.532066,-0.262386#
1478277079.82,0.022658,0.013489,0.081474,1.822425,0.545913,-0.386519#
1478277079.84,-0.039215,0.011815,0.137094,1.822025,-0.108343,-0.063164#
1478277079.87,-0.038855,-0.035177,0.124092,1.820023,-0.786462,0.220240#
