@ HyperIMU - rohanrodrigues - 2016
@ Date: Fri Nov 04 10:30:03 PDT 2016
@ Sensors: BMI160_accelerometer - BMI160_gyroscope
@ SamplingTime: 100ms

time,accelerometer-x,accelerometer-y,accelerometer-z,gyro-x,gyro-y,gyro-z
1478277294.96,0.0,0.0,0.0,0.0,0.0,0.0#
1478277295.00,-0.072298,0.056197,0.267214,-0.162649,0.094218,-0.336635#
1478277295.02,-0.061881,0.107523,0.358799,-0.166701,-0.372144,-0.350635#
1478277295.04,0.124804,0.057733,0.031860,-0.161706,-0.591692,-1.518095#
1478277295.06,-0.129736,-0.064469,-0.349959,-0.147001,-0.051446,-1.133163#
1478277295.08,-0.099530,-0.055418,-0.356271,-0.128452,0.929658,-1.689124#
1478277295.11,0.068661,0.067748,-0.109159,-0.102891,1.410732,-1.736950#
1478277295.13,0.151693,0.048029,0.260672,-0.089114,0.838553,-1.677348#
1478277295.15,0.100975,-0.022521,-0.041760,-0.076797,0.660046,-1.596001#
1478277295.17,0.135887,-0.015878,-0.054620,-0.056526,0.590314,-1.600483#
1478277295.19,0.176064,0.125311,0.036213,-0.030791,0.758752,-1.929301#
1478277295.21,0.414136,0.283530,0.288260,0.015522,0.085584,-3.811117#
1478277295.23,0.396374,0.493288,0.319929,0.051590,0.325726,-4.188501#
1478277295.25,0.484258,0.328223,0.072728,0.092508,0.224225,-4.904496#
1478277295.28,0.234668,0.365487,-0.072754,0.137578,0.194848,-3.300332#
1478277295.30,0.180270,0.380636,-0.390975,0.186424,0.634364,-2.715589#
1478277295.32,0.091900,0.301787,-0.255674,0.246276,1.231605,-2.442594#
1478277295.34,0.012331,0.216278,-0.188122,0.309844,1.236537,-1.975547#
1478277295.36,0.040427,0.175188,-0.226327,0.375026,1.496212,-2.494608#
1478277295.38,-0.249106,0.057464,-0.236704,0.445926,2.161609,-3.861537#
1478277295.40,-0.306406,-0.011972,0.032453,0.517361,2.291664,-3.879511#
1478277295.42,-0.384099,-0.089802,0.158961,0.580878,2.061246,-3.164047#
1478277295.45,-0.438128,-0.194429,0.169753,0.638171,2.064282,-3.278983#
1478277295.47,-0.380350,-0.253865,0.062080,0.697302,2.318316,-5.610510#
1478277295.49,-0.248406,-0.156870,0.256728,0.742520,1.565775,-7.573446#
1478277295.51,-0.039893,0.039148,0.441098,0.769970,1.136374,-8.195022#
1478277295.53,-0.059457,0.037621,0.303530,0.794604,1.173811,-5.669908#
1478277295.55,0.246060,-0.246483,1.014771,0.814904,0.401388,1.717094#
1478277295.57,-0.265470,0.047050,0.182671,0.791083,-1.073914,2.015445#
1478277295.59,-0.009692,0.116017,-0.130017,0.765424,-0.794894,2.276545#
1478277295.61,0.017137,0.135396,-0.050350,0.755884,-0.110267,1.863361#
1478277295.64,-0.247566,0.090545,-0.129659,0.755738,0.303518,1.839486#
1478277295.66,0.065996,0.070876,-0.014987,0.767649,0.726069,1.210658#
1478277295.68,0.190634,0.177077,-0.586876,0.807101,2.573973,0.868660#
1478277295.70,0.275550,0.074516,-0.519531,0.880588,3.583077,-0.247140#
1478277295.72,0.196751,-0.074913,0.080997,0.937325,0.652725,-3.595135#
1478277295.74,0.010797,-0.253318,0.929567,0.909957,-1.419181,-2.680369#
1478277295.76,0.335056,-0.113017,0.026028,0.895732,-0.045124,0.311599#
1478277295.78,0.625445,-0.155876,-0.029251,0.895768,0.147472,-0.573931#
1478277295.81,0.603315,-0.197654,-0.047095,0.893770,0.185887,-1.134406#
1478277295.83,0.373201,-0.089225,0.197184,0.887350,0.146836,-0.078954#
1478277295.85,0.037833,-0.059072,-0.031804,0.881025,0.394803,1.584969#
1478277295.87,-0.284224,-0.103624,0.132913,0.889451,0.437163,2.856097#
1478277295.89,0.011718,-0.174048,-0.002046,0.887748,0.222222,1.021974#
1478277295.91,-0.162864,-0.359646,-0.021483,0.900994,0.119012,-0.029700#
1478277295.93,-0.321534,-0.068845,0.100487,0.899825,0.208464,0.424231#
1478277295.95,-0.283427,0.303166,-0.119000,0.897339,-0.072700,0.111335#
1478277295.98,0.132205,0.135848,0.106552,0.912795,0.627557,0.333873#
1478277296.00,0.100215,0.115636,0.126323,0.952125,1.157610,0.129485#
1478277296.02,-0.155316,0.274374,0.084236,1.010466,1.237749,0.534863#
1478277296.04,-0.069176,0.228155,0.108839,1.033767,0.173615,1.146791#
1478277296.06,-0.215894,0.242307,0.096900,1.036710,-0.035290,0.076180#
1478277296.08,-0.014605,-0.068821,-0.296172,1.041944,0.449207,-0.464112#
1478277296.10,-0.040323,0.140569,-0.139464,1.032332,-0.638931,-0.666355#
1478277296.12,-0.106655,0.027184,0.118249,1.016043,-0.197153,-0.035894#
1478277296.15,-0.070851,-0.095300,0.087757,1.017003,0.016847,0.221389#
1478277296.17,-0.082895,-0.100976,0.094082,1.027078,0.161141,0.435299#
1478277296.19,-0.054867,-0.109940,0.032904,1.042290,0.158078,0.060604#
1478277296.21,-0.021799,-0.029380,0.041809,1.053533,0.009486,0.210872#
1478277296.23,-0.060922,-0.034683,-0.027949,1.064921,0.066171,0.166797#
1478277296.25,-0.082255,-0.043209,-0.023901,1.081934,0.090376,0.375218#
1478277296.27,-0.042984,-0.000279,0.051469,1.104338,0.103586,0.371095#
1478277296.29,-0.093118,0.220677,0.058939,1.122944,0.261877,0.311052#
1478277296.31,-0.032392,-0.127156,0.029475,1.138099,0.298752,0.382775#
1478277296.34,-0.053910,-0.095953,0.048472,1.161256,0.331911,0.465869#
1478277296.36,-0.003319,-0.108880,0.010102,1.193851,0.370702,0.373493#
1478277296.38,0.020912,-0.114015,0.040986,1.224890,0.166811,0.259683#
1478277296.40,-0.008325,-0.146568,0.062126,1.263889,0.291947,0.468294#
1478277296.42,0.086608,-0.199409,-0.020829,1.309813,0.202068,0.408109#
1478277296.44,0.062762,-0.205730,-0.021054,1.355849,-0.131493,-0.515129#
1478277296.46,0.182321,-0.255512,-0.036718,1.392407,-0.495578,-1.326202#
1478277296.48,0.117125,-0.182197,0.171679,1.458212,-0.098847,-0.610704#
1478277296.51,0.037094,-0.163308,0.067634,1.590720,-0.076301,-0.058012#
1478277296.53,0.085436,-0.263584,-0.044088,1.824113,0.026286,0.052871#
1478277296.55,0.018215,-0.201437,-0.066190,2.360878,-0.009817,-1.080872#
1478277296.57,-0.058746,-0.329706,-0.220577,3.039975,0.457142,-2.243328#
1478277296.59,-0.168572,-0.339988,-0.032459,-2.913074,0.837251,-2.773934#
1478277296.61,-0.233810,-0.322803,-0.007791,-2.759765,0.545468,-2.239415#
1478277296.63,-0.283429,-0.250651,0.115665,-2.676690,0.247060,-0.297940#
1478277296.65,-0.204354,-0.161736,-0.189829,-2.664958,1.102708,-0.165783#
1478277296.68,-0.113660,0.100298,-0.237387,-2.720963,2.157760,-1.042071#
1478277296.70,0.730416,4.847739,0.655641,-2.734083,0.637486,-1.493075#
1478277296.72,-0.382723,-0.594238,0.395400,-2.709243,-0.571687,-0.315030#
1478277296.74,0.009217,-0.394014,0.107309,-2.726343,0.684746,0.377620#
1478277296.76,0.023569,-0.169152,0.218937,-2.742196,0.337232,0.112042#
1478277296.78,-0.060792,-0.071795,0.089620,-2.735688,0.096024,-0.236957#
1478277296.80,-0.067440,-0.067208,0.095746,-2.734740,0.389105,0.065367#
1478277296.82,-0.126750,-0.085199,0.245965,-2.737596,0.344478,0.353540#
1478277296.84,-0.206893,0.003310,0.344248,-2.738892,0.265244,0.337297#
1478277296.87,-0.169002,0.461924,0.413316,-2.735888,-0.455794,0.830880#
1478277296.89,-0.171392,0.460609,0.406558,-2.722245,-0.062339,-0.276959#
1478277296.91,-0.609851,0.418634,0.607066,-2.727401,-0.174313,0.810397#
1478277296.93,-0.365795,0.628577,0.288485,-2.731654,-0.430889,0.454858#
1478277296.95,-0.240565,0.533092,0.365430,-2.729900,-1.044866,0.167779#
1478277296.97,-0.034989,0.198102,0.382509,-2.717294,-1.258789,0.415660#
1478277296.99,0.126273,0.110128,0.408669,-2.680032,-1.767108,0.096622#
1478277297.01,0.166101,0.167939,0.445759,-2.582755,-2.537694,-0.439493#
1478277297.04,0.140167,0.313299,0.360857,-2.428704,-2.779647,0.400059#
1478277297.06,0.128945,0.316076,-0.214567,-2.279965,-1.986620,1.501550#
1478277297.08,0.141655,0.311085,-0.259213,-2.138792,-2.016440,0.686320#
1478277297.10,0.063381,0.268174,-0.424327,-1.954790,-2.026060,0.178389#
1478277297.12,0.141688,0.325775,-0.105753,-1.806508,-1.358512,0.616562#
1478277297.14,0.137683,0.242369,-0.070968,-1.685260,-1.077279,0.648058#
1478277297.16,0.136662,0.170789,-0.258944,-1.535629,-1.642809,-1.017463#
1478277297.18,0.019710,-0.007267,-0.159480,-1.352720,-1.895805,-1.159454#
1478277297.21,0.066454,-0.112419,-0.300348,-1.207098,-1.535689,-1.051496#
1478277297.23,0.091652,-0.189507,-0.399963,-1.086737,-1.530794,-1.331340#
1478277297.25,0.097179,-0.184487,-0.425132,-0.985082,-1.385128,-1.378009#
1478277297.27,0.114052,-0.255668,-0.464270,-0.903504,-1.011600,-1.559490#
1478277297.29,0.090102,-0.464866,-0.291025,-0.845750,-0.482220,-1.409789#
1478277297.31,0.049533,-0.548580,-0.224987,-0.812081,-0.076917,-1.206450#
1478277297.33,0.043562,-0.622226,-0.203540,-0.794324,0.251382,-0.734323#
1478277297.35,-0.010159,-0.658024,-0.244394,-0.796243,0.631701,-0.332588#
1478277297.38,-0.049455,-0.589571,-0.232172,-0.822106,1.014661,-0.236978#
1478277297.40,-0.021197,-0.414460,-0.017097,-0.877894,1.240074,-0.132646#
1478277297.42,0.001994,-0.020255,0.388199,-0.955530,1.037598,-0.034656#
1478277297.44,-0.167564,0.624782,0.955278,-1.000603,0.202359,-0.574506#
1478277297.46,-0.538475,1.304874,1.417077,-0.956825,-0.774605,-0.849008#
1478277297.48,-0.118786,0.015190,0.336816,-0.857839,-0.903374,-1.046355#
1478277297.50,-0.069855,-0.585482,0.042896,-0.760474,-0.610873,-0.868143#
1478277297.52,-0.062890,-0.585585,0.039171,-0.712155,0.026574,-0.486055#
1478277297.54,0.046352,0.512326,-0.287189,-0.759711,1.227230,0.533997#
1478277297.57,-0.175559,1.078591,-0.173333,-0.831191,1.102860,2.482522#
1478277297.59,0.246114,0.268460,0.380550,-0.764606,-0.510643,1.823036#
1478277297.61,0.808784,-0.830181,-0.405477,-0.696822,0.054340,0.002770#
1478277297.63,0.857372,-1.280307,-0.387476,-0.746681,1.148676,-1.160256#
1478277297.65,0.788707,-0.884892,-0.196422,-0.969743,2.183049,0.404141#
1478277297.67,-0.645838,1.086142,-0.541516,-1.348862,2.602660,2.685184#
1478277297.69,-0.662965,1.086567,-0.509580,-1.633715,1.281523,1.471093#
1478277297.71,-0.840832,0.711546,-0.311747,-1.749173,0.789840,0.035631#
1478277297.74,0.136718,-0.134135,-0.125862,-1.884039,1.075391,-0.900200#
1478277297.76,0.031121,-0.015939,0.058977,-2.041986,1.115412,-1.243566#
1478277297.78,0.085908,-0.070648,0.110840,-2.143606,0.751668,-0.335303#
1478277297.80,0.220927,-0.128731,-0.022685,-2.235208,1.050369,1.062460#
1478277297.82,0.265553,-0.112824,-0.051177,-2.336542,1.091063,0.831618#
1478277297.84,0.151258,-0.096637,-0.009462,-2.392189,0.876598,0.151438#
1478277297.86,-0.235821,-0.087435,-0.065655,-2.434114,0.990715,0.416637#
1478277297.88,-0.253793,-0.080955,-0.047583,-2.476917,1.047128,0.698818#
1478277297.91,-0.299393,-0.109075,-0.077686,-2.523300,1.139518,0.746315#
1478277297.93,-0.162970,-0.070601,0.083823,-2.570519,1.220264,0.447160#
1478277297.95,-0.126608,0.094255,0.303884,-2.613269,1.249267,0.415651#
1478277297.97,-0.140259,0.103098,0.325233,-2.654418,1.220679,0.625703#
1478277297.99,-0.038457,0.000448,0.636179,-2.678483,0.726753,0.582054#
1478277298.01,-0.461816,0.126184,0.285103,-2.669598,0.208499,0.089770#
1478277298.03,-0.829631,0.322345,-0.000289,-2.654709,0.148841,-0.733893#
1478277298.05,-0.971615,0.388951,0.257441,-2.655976,-0.019573,-0.394421#
1478277298.08,-0.611117,0.414949,0.302130,-2.660793,-0.269993,-0.023482#
1478277298.10,-0.117427,0.475782,0.462833,-2.659842,-0.642710,-0.002127#
1478277298.12,-0.285370,0.345796,0.758920,-2.638652,-1.369348,0.392760#
1478277298.14,-0.318703,0.440442,0.529788,-2.576172,-2.311309,0.825227#
1478277298.16,-0.292728,0.424664,0.471790,-2.445474,-2.983632,-0.106157#
1478277298.18,0.377466,0.450158,-0.225011,-2.243918,-2.859333,-0.985625#
1478277298.20,0.542245,0.360451,-0.338044,-2.010865,-2.346712,0.384598#
1478277298.22,0.326959,0.294078,-0.319566,-1.794334,-1.788907,2.435691#
1478277298.24,0.228196,0.096671,-0.172213,-1.577826,-1.732304,0.632104#
1478277298.27,-0.060516,0.106689,0.082319,-1.358124,-2.010881,-0.459432#
1478277298.29,-0.105562,0.163391,-0.092373,-1.156578,-2.073855,-0.624208#
1478277298.31,-0.118865,0.026484,-0.467017,-1.007481,-1.707653,-1.539459#
1478277298.33,-0.108722,0.031312,-0.494574,-0.877363,-1.550773,-1.892608#
1478277298.35,0.025495,-0.046156,-0.487313,-0.747570,-1.677547,-2.273601#
1478277298.37,0.311069,-0.432845,-0.390229,-0.630922,-1.618219,-2.368489#
1478277298.39,0.344877,-0.548640,-0.382349,-0.546207,-1.170302,-1.789147#
1478277298.41,0.302570,-0.597878,-0.450190,-0.501541,-0.317154,-0.986823#
1478277298.44,0.216881,-0.575513,-0.491348,-0.489439,0.210587,-0.762016#
1478277298.46,0.092843,-0.544601,-0.455842,-0.496632,0.514931,-0.819693#
1478277298.48,0.027505,-0.525654,-0.390436,-0.518094,0.944105,-0.830255#
1478277298.50,0.020546,-0.462641,-0.196315,-0.565580,1.490593,-0.491113#
1478277298.52,0.053192,-0.235107,0.207690,-0.649629,1.703924,0.384602#
1478277298.54,0.011943,0.233432,0.793378,-0.755660,1.198863,0.660160#
1478277298.56,-0.578034,1.041486,1.106438,-0.811044,0.269593,-0.546858#
1478277298.58,-0.301114,0.476230,0.532308,-0.785839,-0.157873,-1.354222#
1478277298.61,-0.291328,0.475733,0.527901,-0.713496,-0.468675,-0.941794#
1478277298.63,0.348895,-0.280387,0.005831,-0.655103,-0.016961,0.091388#
1478277298.65,0.287125,0.141298,-0.265947,-0.701690,1.143937,1.112922#
1478277298.67,0.347863,0.617810,-0.362025,-0.835536,1.582399,2.430695#
1478277298.69,0.016216,0.692430,-0.286247,-0.895475,0.230714,1.600470#
1478277298.71,0.223723,-0.375241,0.125648,-0.837644,-0.239718,0.922566#
1478277298.73,0.427952,-1.074408,-0.746452,-0.904511,1.216185,-0.196763#
1478277298.75,0.294351,-0.150984,-0.641070,-1.164323,2.230640,0.509951#
1478277298.77,0.261935,-0.149992,-0.590844,-1.558177,2.679531,2.401031#
1478277298.80,-0.205667,0.907569,-0.326396,-1.815306,1.486221,1.879151#
1478277298.82,-0.460839,0.023464,0.155291,-1.951030,1.292883,-1.351503#
1478277298.84,0.093526,-0.397982,0.174256,-2.110013,1.550656,2.329985#
1478277298.86,0.266083,-0.218939,-0.448978,-2.252977,1.462957,-0.757689#
1478277298.88,0.066915,-0.119246,0.273233,-2.339426,0.950775,-0.005150#
1478277298.90,-0.018611,-0.003324,0.019300,-2.398670,1.079568,1.493331#
1478277298.92,-0.068185,0.015724,0.080667,-2.467257,1.083052,0.760673#
1478277298.94,-0.226536,-0.086129,0.110150,-2.499384,0.587993,0.960358#
1478277298.97,-0.240969,-0.081238,0.117234,-2.514777,0.588496,0.596089#
1478277298.99,-0.318772,-0.046827,-0.028371,-2.536348,0.746455,0.242472#
1478277299.01,-0.250469,-0.014873,0.003969,-2.563331,0.837692,0.271311#
1478277299.03,-0.215405,0.047557,0.076518,-2.593714,0.977137,0.270723#
1478277299.05,-0.227733,0.055502,0.095066,-2.628026,1.069330,0.352856#
1478277299.07,-0.063227,0.079676,0.517005,-2.660726,0.985909,0.206069#
1478277299.09,-0.138415,-0.046792,0.684508,-2.677178,0.520590,-0.037047#
1478277299.11,-0.515431,0.142710,0.392586,-2.660179,-0.177378,-0.143735#
1478277299.14,-0.778955,0.286506,-0.019889,-2.638007,-0.172592,-0.605532#
1478277299.16,-0.809488,0.414496,0.109489,-2.637089,-0.176672,-0.189184#
1478277299.18,-0.488245,0.504760,0.337767,-2.642166,-0.632584,0.178458#
1478277299.20,-0.209614,0.331329,0.717085,-2.621517,-1.496511,0.103775#
1478277299.22,-0.433845,0.340648,0.422095,-2.553362,-2.279356,0.441103#
1478277299.24,-0.404550,0.324508,0.369226,-2.444181,-2.664229,0.253919#
1478277299.26,0.381134,0.648912,0.412932,-2.254819,-2.989812,-0.056639#
1478277299.28,0.503141,0.627244,-0.151533,-2.004305,-2.497402,0.756032#
1478277299.31,0.520820,0.445044,-0.470394,-1.772410,-2.003495,1.560010#
1478277299.33,0.469026,0.165493,-0.729645,-1.526496,-1.956681,1.594975#
1478277299.35,0.196308,0.094255,-0.770685,-1.322180,-1.663523,-1.207234#
1478277299.37,-0.081491,0.209426,0.204583,-1.151604,-1.949352,-0.245668#
1478277299.39,-0.171524,0.130000,-0.316030,-0.995555,-2.044036,-1.067663#
1478277299.41,-0.164981,0.138018,-0.351919,-0.877101,-1.848461,-1.500337#
1478277299.43,0.012491,-0.077324,-0.516636,-0.781585,-1.493593,-1.539652#
1478277299.45,0.270500,-0.430416,-0.590244,-0.696572,-1.506031,-1.960518#
1478277299.47,0.245236,-0.430704,-0.547549,-0.623996,-1.188657,-1.966787#
1478277299.50,0.159121,-0.444964,-0.502306,-0.569817,-0.577044,-1.414845#
1478277299.52,0.105924,-0.533366,-0.453127,-0.539430,0.058349,-0.822849#
1478277299.54,0.056030,-0.554659,-0.398756,-0.530187,0.423241,-0.723790#
1478277299.56,0.013199,-0.616571,-0.416140,-0.531877,0.773113,-0.992620#
1478277299.58,0.068126,-0.666606,-0.329459,-0.548303,1.309194,-0.988015#
1478277299.60,0.123164,-0.599260,-0.136881,-0.594309,1.784110,-0.268276#
1478277299.62,0.155199,-0.237135,0.175431,-0.682101,1.694125,0.420286#
1478277299.64,-0.571451,1.254974,1.377495,-0.778809,0.763330,-0.006220#
1478277299.67,-0.523626,0.671939,1.163504,-0.767735,-0.565903,-1.254462#
1478277299.69,-0.520242,0.673139,1.155885,-0.699877,-0.414257,-1.774652#
1478277299.71,-0.172879,0.091713,0.306832,-0.639660,0.020140,-0.076475#
1478277299.73,-0.101042,-0.195687,0.065001,-0.593388,0.160489,0.197151#
1478277299.75,0.146920,0.129885,-0.147145,-0.650047,1.004498,0.832043#
1478277299.77,0.353734,0.787415,-0.175757,-0.771983,0.892828,1.812711#
1478277299.79,0.147181,1.114985,-0.163284,-0.769576,-0.748935,0.600935#
1478277299.81,0.372650,-0.293111,-0.182509,-0.671710,-0.308112,-0.328841#
1478277299.84,0.649787,-1.317331,-0.516967,-0.684278,1.209950,-0.621855#
1478277299.86,0.627206,-1.322520,-0.470954,-0.916693,2.737788,1.041593#
1478277299.88,0.171843,-0.200768,-0.420067,-1.277119,2.056054,3.851581#
1478277299.90,-0.373936,1.226663,-0.913530,-1.454360,0.975504,2.392612#
1478277299.92,-0.387109,0.346653,0.073805,-1.667437,2.327209,-0.931533#
1478277299.94,0.022550,-0.196073,0.457015,-1.900668,1.506523,0.478129#
1478277299.96,-0.003031,-0.213471,-0.104843,-2.052105,1.032359,-0.445185#
1478277299.98,0.009688,-0.207647,-0.112482,-2.144573,0.846579,0.196194#
1478277300.01,0.137755,-0.136189,-0.171703,-2.257820,1.343981,1.777228#
1478277300.03,0.017458,-0.086672,0.274091,-2.382636,1.337438,0.860964#
1478277300.05,0.003042,-0.082007,0.292024,-2.445990,0.839964,0.801389#
1478277300.07,-0.138878,-0.154628,0.183656,-2.480669,0.756213,1.224954#
1478277300.09,-0.258094,-0.117826,-0.026770,-2.517471,0.891956,0.744773#
1478277300.11,-0.210634,-0.092420,0.063956,-2.561482,0.984441,0.762651#
1478277300.13,-0.225622,-0.085792,0.080108,-2.600452,0.999703,0.579576#
1478277300.15,-0.241001,0.048175,0.183050,-2.635135,1.032101,0.334957#
1478277300.17,-0.301534,0.076587,0.355589,-2.666146,0.989614,0.173403#
1478277300.20,-0.322066,0.099795,0.490971,-2.685428,0.693281,0.043625#
1478277300.22,-0.528445,0.154792,0.317849,-2.681581,0.241975,-0.095694#
1478277300.24,-0.621274,0.337127,0.158299,-2.676330,0.136644,-0.157183#
1478277300.26,-0.601304,0.417805,0.173647,-2.680944,0.067543,0.019039#
1478277300.28,-0.020637,0.426391,0.611843,-2.692908,-0.163107,0.010606#
1478277300.30,-0.241769,0.307012,0.829237,-2.678467,-0.928936,0.024270#
1478277300.32,-0.232229,0.297492,0.798807,-2.622777,-1.796334,0.431060#
1478277300.34,-0.670880,0.335745,0.452917,-2.519964,-2.527347,0.757263#
1478277300.37,-0.230699,0.508581,0.112217,-2.358747,-2.881160,-0.161960#
1478277300.39,0.271337,0.649549,-0.146123,-2.148133,-2.727474,-0.893572#
1478277300.41,0.642064,0.573725,-0.359159,-1.921994,-2.383774,0.623394#
1478277300.43,0.704040,0.304947,-0.404365,-1.698318,-2.169317,1.790697#
1478277300.45,0.444045,0.083700,-0.332423,-1.505411,-2.073487,0.295263#
1478277300.47,-0.403289,0.316515,-0.077855,-1.357467,-2.037313,-0.763053#
1478277300.49,-0.398335,0.322968,-0.114440,-1.235164,-1.903550,-0.284568#
1478277300.51,-0.291348,0.356475,-0.268467,-1.117041,-1.800161,-0.531116#
1478277300.54,-0.053165,-0.014216,-0.617768,-1.010271,-1.604717,-1.664284#
1478277300.56,0.126086,-0.254134,-0.462052,-0.903406,-1.512132,-1.654027#
1478277300.58,0.213904,-0.393388,-0.443650,-0.805307,-1.342827,-1.867560#
1478277300.60,0.214259,-0.453777,-0.422537,-0.729357,-1.019438,-1.895748#
1478277300.62,0.174206,-0.507956,-0.506838,-0.677815,-0.383172,-1.733747#
1478277300.64,0.080658,-0.625470,-0.474601,-0.657223,0.319704,-1.179699#
1478277300.66,-0.008238,-0.651606,-0.477899,-0.659158,0.694941,-0.979013#
1478277300.68,-0.025795,-0.631963,-0.513826,-0.674820,1.182868,-0.951944#
1478277300.70,0.044021,-0.678057,-0.430913,-0.718535,1.855111,-0.769378#
1478277300.73,0.129728,-0.293718,0.135545,-0.819384,2.411420,0.009541#
1478277300.75,-0.045685,0.522662,0.863946,-0.983085,2.171546,0.616307#
1478277300.77,-0.060873,0.522863,0.878464,-1.069596,-0.593769,-0.779645#
1478277300.79,-0.739382,1.787444,0.805081,-0.935033,-1.636705,-2.507133#
1478277300.81,0.017304,-0.001708,0.635945,-0.793923,-1.143648,-1.261225#
1478277300.83,0.259456,-0.700967,0.189359,-0.674456,-0.700292,0.533384#
1478277300.85,0.555721,-0.503802,-0.247225,-0.652542,0.033694,0.502428#
1478277300.87,-0.023906,0.630588,-0.362098,-0.719001,0.463465,0.614906#
1478277300.90,-0.961379,1.250790,-0.288291,-0.679657,-0.071172,1.986824#
1478277300.92,0.621016,-1.248098,-0.468572,-0.583120,0.013031,0.950761#
1478277300.94,0.629347,-1.248776,-0.468928,-0.532158,-0.107338,-1.898766#
1478277300.96,1.103795,-1.472312,0.030283,-0.620101,1.451335,-0.135581#
1478277300.98,-0.113771,0.651874,-0.611369,-0.802508,2.560650,3.973962#
1478277301.00,0.078339,0.911202,-0.328514,-1.034525,1.793696,2.190354#
1478277301.02,-0.273980,0.483747,-0.085688,-1.174514,0.645131,-0.172756#
1478277301.04,-0.201207,0.008343,-0.205902,-1.261150,0.835299,0.039843#
1478277301.07,-0.180849,-0.062142,-0.256852,-1.416774,1.547108,0.265948#
1478277301.09,-0.184198,-0.067107,-0.180247,-1.604538,1.525349,0.045214#
1478277301.11,-0.137750,-0.112787,-0.093391,-1.797195,1.625934,-0.110192#
1478277301.13,-0.140338,-0.112349,-0.058330,-2.005640,1.711266,0.397110#
1478277301.15,-0.009135,-0.103354,0.024285,-2.189642,1.549996,0.673614#
1478277301.17,-0.007247,-0.211662,0.134706,-2.312672,1.281876,0.151924#
1478277301.19,-0.139654,-0.384256,0.124258,-2.389199,1.147180,0.143897#
1478277301.21,-0.158750,-0.377591,0.145284,-2.438506,1.062771,0.443549#
1478277301.24,-0.192416,-0.289688,0.095680,-2.472062,1.004403,0.326206#
1478277301.26,-0.265177,0.024218,0.136755,-2.504428,1.133382,0.262268#
1478277301.28,-0.370366,0.169734,0.266467,-2.553917,1.418552,0.744072#
1478277301.30,-0.370492,0.031898,0.544373,-2.609210,1.248771,1.073459#
1478277301.32,-0.206797,-0.098284,0.705420,-2.629895,0.541867,0.553435#
1478277301.34,-0.455992,0.029676,0.389437,-2.617545,0.092391,0.025812#
1478277301.36,-0.823285,0.505627,0.385825,-2.608325,-0.068901,-0.137497#
1478277301.38,-0.585795,0.355049,0.724935,-2.589225,-0.900091,0.017235#
1478277301.40,-0.575560,0.343744,0.687285,-2.508123,-2.644384,-0.207815#
1478277301.43,-0.452646,1.442301,0.391626,-2.349845,-3.281382,-1.440909#
1478277301.45,0.170931,1.022391,0.025040,-2.134901,-3.624762,0.018061#
1478277301.47,0.907639,0.913963,-0.640323,-1.872875,-2.755929,0.302869#
1478277301.49,1.101757,0.190550,-0.221766,-1.670039,-1.868755,1.991862#
1478277301.51,0.716477,-0.012193,0.208596,-1.521938,-1.620162,3.324269#
1478277301.53,-0.100097,0.395115,-0.073445,-1.384239,-1.627218,2.776006#
1478277301.55,-0.683949,0.694970,-0.110018,-1.263559,-1.359497,0.114456#
1478277301.57,-0.662885,0.698874,-0.143478,-1.112271,-1.865406,-0.664662#
1478277301.60,-0.251742,0.238335,-0.541201,-0.975703,-1.649878,-2.515771#
1478277301.62,0.107442,-0.135510,-0.639639,-0.860794,-1.561970,-3.055431#
1478277301.64,0.317028,-0.418795,-0.540928,-0.755233,-1.732367,-2.623803#
1478277301.66,0.346209,-0.615903,-0.486182,-0.671541,-1.334541,-2.623956#
1478277301.68,0.209817,-0.691427,-0.386612,-0.617287,-0.537031,-2.242521#
1478277301.70,0.131622,-0.779517,-0.408651,-0.592112,0.379230,-1.295387#
1478277301.72,0.103795,-0.733470,-0.498494,-0.588586,0.842031,-0.797333#
1478277301.74,-0.003844,-0.703641,-0.480143,-0.597303,1.062226,-0.845642#
1478277301.77,-0.005195,-0.711827,-0.452166,-0.620246,1.382882,-1.042095#
1478277301.79,-0.088627,-0.715748,-0.290687,-0.676617,1.711160,-0.585764#
1478277301.81,-0.020454,0.540922,1.327085,-0.771898,1.117367,0.370048#
1478277301.83,-0.579247,2.297405,2.040835,-0.806307,-1.053978,-0.312497#
1478277301.85,-0.583875,2.304845,2.012388,-0.709081,-1.862007,-3.186593#
1478277301.87,-0.077560,-0.208877,0.448080,-0.571823,-1.614011,-2.739075#
1478277301.89,0.265479,-0.803246,-0.018630,-0.486357,-0.918136,-0.459770#
1478277301.91,0.297763,-0.661702,-0.482855,-0.475304,0.608874,1.172878#
1478277301.93,0.261865,0.913997,-0.224278,-0.550815,1.361049,2.970861#
1478277301.96,-0.376919,1.585587,-0.205770,-0.560561,-0.095360,2.725752#
1478277301.98,0.521791,0.090475,-0.137081,-0.502050,-0.529324,0.935648#
1478277302.00,0.720749,-1.454612,-0.724989,-0.510231,0.864174,0.042345#
1478277302.02,-0.014171,-0.559216,-0.369291,-0.642287,3.264120,0.127178#
1478277302.04,-0.031518,-0.571655,-0.296141,-0.942395,3.940789,3.891985#
1478277302.06,-0.674161,1.396069,-0.534725,-1.277936,1.947827,2.596450#
1478277302.08,-0.668908,0.558128,-0.424881,-1.436530,1.362358,1.235973#
1478277302.10,-0.096266,-0.177331,-0.306766,-1.570371,1.510787,-1.429114#
1478277302.13,-0.010445,-0.271650,0.087359,-1.747115,1.394785,-2.112557#
1478277302.15,-0.058309,-0.022933,-0.016429,-1.874734,1.211912,-1.046473#
1478277302.17,0.085263,-0.004992,0.033244,-2.005815,1.339864,0.139957#
1478277302.19,0.273018,-0.115104,0.110926,-2.122149,1.287311,1.069211#
1478277302.21,0.261851,-0.110970,0.132226,-2.222210,1.284091,1.212495#
1478277302.23,0.054869,-0.151943,0.021900,-2.297464,1.220040,1.259573#
1478277302.25,-0.309533,-0.237465,-0.113530,-2.349516,1.094966,1.264493#
1478277302.27,-0.425876,-0.134586,-0.082678,-2.393587,1.108989,0.854047#
1478277302.30,-0.347895,0.118832,0.082368,-2.447987,1.390891,0.489785#
1478277302.32,-0.254782,0.188401,0.294799,-2.509164,1.419848,0.484719#
1478277302.34,-0.224909,0.006184,0.483839,-2.555579,1.058321,0.673601#
1478277302.36,-0.295190,0.115110,0.571919,-2.576086,0.568157,0.348511#
1478277302.38,-0.483060,0.234158,0.463473,-2.570815,-0.031067,0.228344#
1478277302.40,-0.591883,0.307451,0.162405,-2.556997,-0.249743,0.489932#
1478277302.42,-0.531742,0.371819,-0.074517,-2.554582,-0.079355,0.091747#
1478277302.44,-0.194239,0.533473,0.677337,-2.565951,-0.192245,-0.169227#
1478277302.47,-0.440851,0.486177,0.618011,-2.547004,-1.103167,0.287133#
1478277302.49,-0.425595,0.474724,0.584056,-2.490481,-1.755791,0.546900#
1478277302.51,-0.519266,0.341495,0.155737,-2.413724,-1.958184,-0.080945#
1478277302.53,0.062269,0.360370,0.665629,-2.270598,-2.868484,-0.290174#
1478277302.55,0.469421,0.332990,0.122753,-2.020147,-3.041305,-0.148922#
1478277302.57,0.577157,0.485661,-0.439026,-1.780861,-2.498836,0.776186#
1478277302.59,0.452303,0.370959,-0.514683,-1.560001,-2.375842,0.711354#
1478277302.61,0.191679,0.162216,-0.296464,-1.392024,-1.862563,0.690774#
1478277302.63,-0.276230,0.506286,-0.298655,-1.252577,-1.937218,-0.018327#
1478277302.66,-0.264797,0.512215,-0.335872,-1.124280,-1.905397,-0.376672#
1478277302.68,-0.195546,0.535307,-0.336424,-0.986964,-1.837343,-0.991856#
1478277302.70,-0.054589,-0.063817,-0.502419,-0.851588,-1.912153,-1.942942#
1478277302.72,0.010294,-0.295850,-0.560446,-0.736727,-1.815634,-2.277527#
1478277302.74,0.088060,-0.490603,-0.619261,-0.637501,-1.802716,-2.734344#
1478277302.76,0.134873,-0.656559,-0.588334,-0.565836,-1.210096,-2.248586#
1478277302.78,0.102458,-0.643589,-0.547182,-0.523113,-0.551596,-1.712272#
1478277302.80,0.043881,-0.521826,-0.598223,-0.499117,-0.000877,-1.499796#
1478277302.83,0.096287,-0.646792,-0.423520,-0.488787,0.584782,-1.299244#
1478277302.85,0.095727,-0.655415,-0.401504,-0.495272,1.247722,-0.416110#
1478277302.87,0.169061,-0.564710,-0.227936,-0.524597,1.811476,0.844330#
1478277302.89,0.310860,-0.043131,0.165212,-0.586030,2.072360,1.561577#
1478277302.91,-0.009716,0.515379,0.596440,-0.689937,1.989507,0.998527#
1478277302.93,-0.023160,0.510610,0.624689,-0.787536,0.809303,-0.815537#
1478277302.95,-0.945111,1.498358,1.354461,-0.782953,-0.510947,-1.439726#
1478277302.97,-0.935094,1.498861,1.345045,-0.721422,-0.672031,0.136351#
1478277303.00,-0.142344,0.318284,0.333596,-0.635838,-0.559818,0.550330#
1478277303.02,0.158036,-0.611495,-0.451831,-0.636712,0.937928,0.737355#
1478277303.04,0.276380,-0.140371,-0.766355,-0.749530,2.227106,1.592417#
1478277303.06,0.225018,0.525915,-0.382944,-0.924092,1.862897,2.097144#
1478277303.08,0.062918,0.137210,0.255198,-0.998099,0.754092,1.017856#
1478277303.10,0.217175,-0.381324,0.084083,-1.042580,1.209790,1.245462#
1478277303.12,0.285115,-0.592723,0.122734,-1.193517,1.522883,1.805927#
1478277303.14,0.341910,-0.397768,0.031573,-1.445719,1.702662,2.100502#
1478277303.17,0.103957,0.025653,-0.408129,-1.702157,1.585980,1.094391#
1478277303.19,-0.326192,0.218175,-0.702341,-1.846491,0.824487,-0.544740#
1478277303.21,-0.621087,0.248823,-0.013176,-1.923145,0.810970,-0.390089#
1478277303.23,-0.469312,0.080855,-0.119522,-2.017047,1.054644,0.474153#
1478277303.25,-0.467416,0.081060,-0.093352,-2.131220,1.429216,-0.423705#
1478277303.27,0.116380,-0.064939,0.267010,-2.252074,1.117404,0.936310#
1478277303.29,0.290698,0.010267,-0.040302,-2.329850,0.988074,0.546709#
1478277303.31,0.146429,-0.065750,0.120899,-2.398741,1.069681,0.039987#
1478277303.33,-0.027217,-0.155957,0.169624,-2.448982,1.021800,0.990516#
1478277303.36,-0.154498,-0.168547,-0.129857,-2.484153,0.961306,1.060106#
1478277303.38,-0.253377,-0.149822,-0.321683,-2.520679,1.216068,0.070364#
1478277303.40,-0.175871,-0.073947,0.233244,-2.575706,1.640415,-0.178915#
1478277303.42,-0.193582,-0.061835,0.260944,-2.623086,1.340305,0.499835#
1478277303.44,-0.330514,-0.006182,0.431120,-2.648261,0.882600,0.192693#
1478277303.46,-0.620986,0.332325,0.626615,-2.650839,0.234808,0.163950#
1478277303.48,-0.739532,0.412358,0.212821,-2.636672,-0.159642,0.741006#
1478277303.50,-0.680649,0.380322,-0.088954,-2.627991,-0.229753,0.610896#
1478277303.53,-0.415924,0.410087,-0.101214,-2.638476,0.094502,-0.286858#
1478277303.55,-0.112766,0.524458,0.498913,-2.658276,-0.268713,-0.751885#
1478277303.57,-0.268880,0.591072,0.873118,-2.633965,-1.453088,0.337045#
1478277303.59,-0.445876,0.450513,0.127277,-2.576532,-1.972953,0.754448#
1478277303.61,-0.414832,0.434356,0.085600,-2.498365,-2.264710,-0.577456#
1478277303.63,-0.062068,0.371318,0.513519,-2.315759,-3.478144,-1.022880#
1478277303.65,0.469022,0.438222,-0.319081,-2.038318,-3.190989,0.239694#
1478277303.67,0.503469,0.489044,-0.585825,-1.768077,-2.966102,0.973542#
1478277303.70,0.516292,0.492819,-0.650562,-1.519093,-2.670662,1.014768#
1478277303.72,0.055417,0.032996,-0.220340,-1.393908,-1.379551,-0.258581#
1478277303.74,-0.074950,0.297923,-0.049443,-1.241307,-2.454027,-1.064530#
1478277303.76,-0.246812,0.610984,-0.151125,-1.111473,-2.172733,-0.538436#
1478277303.78,-0.254356,0.330037,-0.462346,-0.991975,-2.174351,-0.928347#
1478277303.80,-0.165231,-0.036022,-0.568181,-0.873248,-2.322203,-1.427797#
1478277303.82,-0.011560,-0.248998,-0.628674,-0.771476,-2.241558,-1.959110#
1478277303.84,0.062996,-0.497456,-0.696089,-0.685566,-2.088900,-2.474269#
1478277303.86,0.089161,-0.564979,-0.614285,-0.623107,-1.403404,-2.050284#
1478277303.89,0.081990,-0.557892,-0.625791,-0.589498,-0.649550,-1.347842#
1478277303.91,-0.065090,-0.551896,-0.523230,-0.575024,0.058348,-0.812721#
1478277303.93,-0.052342,-0.600161,-0.521046,-0.569108,0.758287,-0.866773#
1478277303.95,-0.036853,-0.700578,-0.438712,-0.572994,1.520095,-0.790798#
1478277303.97,0.027799,-0.701039,-0.196420,-0.598156,2.260096,0.061516#
1478277303.99,0.155652,-0.348469,0.128721,-0.658619,2.418004,0.940839#
1478277304.01,0.014294,0.491388,0.659007,-0.738359,1.368261,0.461479#
1478277304.03,-0.429141,1.470646,1.090590,-0.758633,-0.600624,-1.059218#
1478277304.06,-0.429202,1.473957,1.079689,-0.722354,-0.641551,-0.487355#
1478277304.08,0.038947,0.256725,0.507469,-0.672593,-0.331299,0.023371#
1478277304.10,0.152019,-0.561365,-0.180632,-0.641338,0.095194,0.037267#
1478277304.12,0.203060,0.113156,-0.370177,-0.676827,1.168103,0.841890#
1478277304.14,-0.068057,0.931124,-0.266308,-0.768473,1.631885,2.405540#
1478277304.16,-0.382612,1.018011,0.096015,-0.789530,-0.029609,2.298124#
1478277304.18,0.092766,-0.319925,-0.212262,-0.707557,-0.523857,1.351512#
1478277304.20,0.653973,-1.621190,-0.533571,-0.684921,0.688335,0.668203#
1478277304.23,0.624051,-1.430704,-0.365233,-0.790580,2.829875,0.454393#
1478277304.25,-0.317673,-0.287124,-0.416109,-1.053431,3.862094,4.077287#
1478277304.27,-0.365473,0.847274,-0.526348,-1.350951,1.441111,3.236281#
1478277304.29,-0.497486,0.452844,0.074327,-1.471640,0.540795,-1.728441#
1478277304.31,0.002627,-0.406562,0.042907,-1.547758,0.828801,-1.094626#
1478277304.33,-0.006884,-0.406865,0.069841,-1.689433,1.418984,-0.341496#
1478277304.35,-0.045683,-0.185634,-0.185013,-1.855556,1.472998,-1.334189#
1478277304.37,-0.003946,-0.152694,-0.054113,-1.999113,1.309354,-0.541580#
1478277304.40,0.111154,0.085394,-0.001115,-2.127300,1.423466,0.992047#
1478277304.42,0.046765,0.161302,-0.042238,-2.252590,1.557467,0.856261#
1478277304.44,-0.096105,-0.035946,0.135310,-2.363800,1.606587,0.878211#
1478277304.46,-0.261262,-0.103440,0.114032,-2.454266,1.606303,1.445343#
1478277304.48,-0.243859,-0.087198,-0.103947,-2.529438,1.469015,1.251689#
1478277304.50,-0.262330,-0.077727,-0.080783,-2.585568,1.338764,0.318149#
1478277304.52,-0.160644,0.124266,0.157417,-2.625318,1.169880,-0.317148#
1478277304.54,-0.521335,0.349423,0.656375,-2.650877,0.784283,0.149934#
1478277304.56,-0.626104,0.222502,0.512326,-2.660307,0.229338,1.109725#
1478277304.59,-0.451963,0.243974,0.184752,-2.661368,-0.033745,1.096603#
1478277304.61,-0.420150,0.284539,-0.035071,-2.658460,-0.125275,0.116171#
1478277304.63,-0.384286,0.393803,-0.027383,-2.657388,-0.026322,-0.448707#
1478277304.65,-0.313163,0.403053,0.374531,-2.664104,-0.243162,-0.080334#
1478277304.67,-0.494295,0.268617,0.523601,-2.638719,-1.090945,0.753228#
1478277304.69,-0.481070,0.258132,0.489132,-2.580565,-1.715132,0.594588#
1478277304.71,-0.559467,0.259628,0.242201,-2.486060,-2.242587,-0.190870#
1478277304.73,-0.081091,0.612772,0.397062,-2.308646,-3.216857,-0.846886#
1478277304.76,0.246894,0.457473,-0.491153,-2.053399,-3.105023,-1.139504#
1478277304.78,0.261269,0.456335,-0.546717,-1.801430,-2.824645,-0.194367#
1478277304.80,0.466012,0.303091,-0.436036,-1.576003,-2.517923,0.773737#
1478277304.82,0.399810,0.132834,-0.044824,-1.395379,-2.438480,-0.287430#
1478277304.84,0.035504,0.229636,-0.068886,-1.261965,-2.291389,-0.138945#
1478277304.86,-0.244052,0.341083,-0.406475,-1.156538,-1.973810,-0.415619#
1478277304.88,-0.286837,0.313769,-0.262597,-1.046231,-2.339548,-0.834550#
1478277304.90,-0.368476,0.186874,-0.726928,-0.931629,-2.473444,-2.481435#
1478277304.93,-0.046921,-0.334541,-0.657853,-0.828158,-2.349294,-2.552105#
1478277304.95,0.031554,-0.569204,-0.648679,-0.735069,-2.208906,-2.752259#
1478277304.97,0.025492,-0.555690,-0.673732,-0.664425,-1.648977,-2.216780#
1478277304.99,0.018579,-0.572326,-0.576034,-0.620832,-0.918559,-1.638561#
1478277305.01,-0.040798,-0.462178,-0.560199,-0.597166,-0.191251,-1.144894#
1478277305.03,-0.051685,-0.445930,-0.582977,-0.584908,0.515029,-1.016475#
1478277305.05,0.009139,-0.538155,-0.537670,-0.580975,1.346434,-0.906434#
1478277305.07,0.075905,-0.621661,-0.345554,-0.597399,2.314727,-0.279609#
1478277305.10,0.176645,-0.429931,0.056259,-0.653085,2.866010,1.041587#
1478277305.12,-0.150383,1.500860,1.659649,-0.754662,2.063803,1.554956#
1478277305.14,-0.163987,1.501765,1.666214,-0.809919,-0.421375,-0.363668#
1478277305.16,-0.621147,1.909645,1.165159,-0.788415,-0.528369,-1.295213#
1478277305.18,0.058050,0.077906,0.477477,-0.753241,-0.137805,-0.735181#
1478277305.20,0.086826,-0.475895,0.210209,-0.731773,0.002906,-0.029781#
1478277305.22,0.010876,-0.359542,-0.181804,-0.763244,0.946730,0.892768#
1478277305.24,-0.115759,0.528202,-0.631527,-0.846364,2.009183,2.469666#
1478277305.26,-0.187674,0.556589,-0.186914,-0.921909,1.179227,2.614534#
1478277305.29,-0.166904,0.553045,-0.188500,-0.899541,-0.108020,1.364854#
1478277305.31,0.383531,-0.968181,-0.567318,-0.880527,1.139527,0.880432#
1478277305.33,0.628406,-0.992806,-0.200993,-0.989604,2.438495,0.889533#
1478277305.35,0.223040,-0.307726,-0.050164,-1.243994,2.820198,1.948412#
1478277305.37,-0.427766,0.543242,-0.523607,-1.526820,2.121534,2.730521#
1478277305.39,-0.900466,1.134589,-0.827160,-1.682900,0.775827,-0.637215#
1478277305.41,-0.799478,0.380461,0.041593,-1.752756,0.730470,-1.374932#
1478277305.43,0.083733,-0.364123,-0.617316,-1.834141,1.156267,0.342587#
1478277305.46,0.077701,-0.363292,-0.580961,-1.965869,1.627595,-1.732262#
1478277305.48,-0.003636,-0.125135,0.075080,-2.091162,1.416929,0.868545#
1478277305.50,0.037250,0.032639,0.003059,-2.196816,1.307298,1.670081#
1478277305.52,-0.037141,-0.067630,-0.074707,-2.280462,1.254092,0.958184#
1478277305.54,-0.053418,-0.060802,-0.051284,-2.359595,1.397391,0.636155#
1478277305.56,-0.310724,-0.019893,0.025618,-2.422594,1.234854,0.428332#
1478277305.58,-0.360485,0.062501,0.019591,-2.471470,1.214683,0.124025#
1478277305.60,-0.348771,0.131725,0.074021,-2.520139,1.307197,0.143596#
1478277305.63,-0.410709,0.274559,0.187219,-2.571880,1.389698,0.513503#
1478277305.65,-0.426643,0.231728,0.485878,-2.623645,1.170826,0.560952#
1478277305.67,-0.280434,0.129096,0.855968,-2.647310,0.268807,0.652803#
1478277305.69,-0.500389,0.291730,0.005136,-2.638308,-0.299662,0.887767#
1478277305.71,-0.627210,0.377523,-0.111427,-2.621449,-0.437817,0.382988#
1478277305.73,-0.618142,0.372340,-0.118387,-2.618837,-0.255371,-0.013440#
1478277305.75,-0.366446,0.437161,0.678368,-2.612002,-0.904632,0.280269#
1478277305.77,-0.498651,0.420220,0.463762,-2.555042,-1.876363,0.895979#
1478277305.79,-0.517383,0.484807,0.006198,-2.467681,-1.970482,0.259833#
1478277305.82,-0.111409,0.449257,0.352144,-2.345988,-2.559862,-0.439927#
1478277305.84,0.314038,0.419571,0.523190,-2.092274,-3.387597,-0.609757#
1478277305.86,0.532820,0.387471,-0.232991,-1.846536,-2.572491,0.602147#
1478277305.88,0.387978,0.299426,-0.582308,-1.641174,-2.559788,1.984527#
1478277305.90,0.399857,0.306578,-0.642077,-1.453602,-2.733010,0.212309#
1478277305.92,0.108415,0.088398,-0.622794,-1.343250,-1.524765,0.689766#
1478277305.94,-0.347912,0.441802,0.065749,-1.246511,-2.125405,-1.379918#
1478277305.96,-0.139730,0.347580,-0.252817,-1.132626,-2.186832,-1.363282#
1478277305.99,-0.167906,0.127771,-0.638326,-1.034016,-2.013429,-1.648579#
1478277306.01,-0.004401,-0.193803,-0.553798,-0.941494,-1.915745,-1.970773#
1478277306.03,0.071203,-0.299104,-0.668367,-0.860898,-1.899730,-2.309643#
1478277306.05,0.097277,-0.364014,-0.754243,-0.790180,-1.781226,-2.470628#
1478277306.07,0.042640,-0.569806,-0.577304,-0.741393,-1.062618,-1.677980#
1478277306.09,0.037689,-0.565886,-0.582712,-0.717303,-0.299281,-0.934866#
1478277306.11,-0.031787,-0.473974,-0.519718,-0.710435,0.374839,-0.624281#
1478277306.13,-0.077504,-0.477146,-0.468615,-0.710114,0.957150,-0.711422#
1478277306.16,-0.071265,-0.548675,-0.354096,-0.717293,1.491672,-0.869035#
1478277306.18,-0.067345,-0.564644,-0.317584,-0.741552,1.907168,-0.286449#
1478277306.20,0.073090,0.018452,0.254410,-0.792355,1.842474,0.637260#
1478277306.22,-0.206024,0.656391,0.808034,-0.855218,1.181001,0.678219#
1478277306.24,-0.538125,1.279324,1.293261,-0.875584,-0.235171,-0.287651#
1478277306.26,-0.334816,1.144448,0.905619,-0.846455,-0.666059,-1.155630#
1478277306.28,0.021266,0.491184,0.527123,-0.799173,-0.504267,-1.011012#
1478277306.30,-0.025360,-0.397429,0.269743,-0.754877,-0.161607,-0.535977#
1478277306.33,-0.059315,-0.453476,-0.460949,-0.768608,1.059766,-0.105130#
1478277306.35,-0.035008,0.207176,-0.655265,-0.873647,2.709816,1.215818#
1478277306.37,-0.041745,0.195623,-0.600527,-1.067163,3.150672,2.778208#
1478277306.39,-0.091809,0.722350,0.390645,-1.195695,1.030815,1.716317#
1478277306.41,0.043870,-0.158044,0.319158,-1.180708,0.107357,-0.470666#
1478277306.43,-0.020514,-0.786469,0.056879,-1.204724,1.109591,1.864169#
1478277306.45,0.358626,-0.971446,-0.330274,-1.314841,1.686719,2.779782#
1478277306.47,0.599785,-0.696287,-0.538600,-1.526055,2.120598,2.455668#
1478277306.49,0.234210,0.081943,-0.819416,-1.733716,1.308424,-0.992128#
1478277306.52,-1.262201,0.715753,-0.106027,-1.814400,0.411333,-1.086695#
1478277306.54,-1.264470,0.715693,-0.091050,-1.890900,1.412882,1.778922#
1478277306.56,-0.956967,0.098956,0.235083,-2.016600,1.597983,1.303428#
1478277306.58,0.100966,-0.232659,-0.296595,-2.134034,1.298470,0.558227#
1478277306.60,0.374150,-0.111451,0.018090,-2.226099,0.977911,-0.321749#
1478277306.62,0.278799,0.004273,0.080657,-2.280965,0.635757,-0.214875#
1478277306.64,-0.070118,0.105780,0.147676,-2.311392,0.592109,0.605132#
1478277306.66,-0.306331,0.108258,-0.042048,-2.360491,1.020292,1.599224#
1478277306.69,-0.295056,-0.021585,-0.137372,-2.424207,1.013237,1.330760#
1478277306.71,-0.180203,-0.144935,-0.186969,-2.480225,1.025720,0.460526#
1478277306.73,-0.203492,-0.154948,-0.085873,-2.529866,1.010714,0.315818#
1478277306.75,-0.320143,-0.023166,-0.022662,-2.572598,1.006166,0.516711#
1478277306.77,-0.255798,0.230371,0.335858,-2.618173,1.096954,0.398784#
1478277306.79,-0.252929,0.180907,0.521479,-2.654072,0.691406,0.497559#
1478277306.81,-0.261776,0.184338,0.521101,-2.659516,0.058930,0.793158#
1478277306.83,-0.380805,0.179823,0.134438,-2.653405,-0.059668,0.716892#
1478277306.86,-0.514464,0.258080,0.074951,-2.644289,-0.167682,0.429740#
1478277306.88,-0.590469,0.332352,0.009029,-2.639371,0.006820,0.153316#
1478277306.90,-0.484185,0.313329,0.170269,-2.647674,0.000418,0.013863#
1478277306.92,-0.422606,0.381379,0.394344,-2.638304,-0.571979,-0.193947#
1478277306.94,-0.512708,0.365173,0.557526,-2.600629,-1.226067,0.115032#
1478277306.96,-0.399211,0.404649,0.267086,-2.525941,-1.817831,-0.040371#
1478277306.98,-0.376239,0.393745,0.227818,-2.409275,-2.381517,-0.566365#
1478277307.00,-0.169412,0.443296,0.410313,-2.214425,-3.114306,-0.696864#
1478277307.03,0.380844,0.353647,-0.285919,-1.991139,-2.856289,-0.621561#
1478277307.05,0.404539,0.344943,-0.436889,-1.786689,-2.734601,0.828140#
1478277307.07,0.340528,0.208785,-0.608731,-1.604908,-2.674570,0.318891#
1478277307.09,-0.128024,0.189832,-0.315523,-1.472088,-2.405498,-0.931679#
1478277307.11,-0.106430,0.315726,-0.060629,-1.369143,-2.135286,-0.103691#
1478277307.13,-0.277778,0.395730,-0.380417,-1.283302,-1.712235,-0.039656#
1478277307.15,-0.170214,0.136731,-0.580856,-1.185628,-2.054913,-1.008654#
1478277307.17,-0.162179,0.148779,-0.617104,-1.077876,-2.376194,-1.685917#
1478277307.19,-0.089630,-0.071091,-0.666316,-0.976975,-2.304941,-2.265613#
1478277307.22,-0.047779,-0.389905,-0.661401,-0.892056,-1.965329,-2.406724#
1478277307.24,-0.049508,-0.449088,-0.637491,-0.833128,-1.258757,-1.868200#
1478277307.26,-0.054534,-0.443937,-0.644605,-0.796840,-0.584236,-1.405100#
1478277307.28,-0.061307,-0.403702,-0.509808,-0.773459,-0.115097,-1.218330#
1478277307.30,-0.033783,-0.489681,-0.502784,-0.758046,0.393664,-1.270880#
1478277307.32,-0.014777,-0.554262,-0.397510,-0.754330,0.997451,-1.090981#
1478277307.34,0.013715,-0.563965,-0.215324,-0.773716,1.575441,-0.311531#
1478277307.36,-0.069523,-0.287962,0.051644,-0.817190,1.794639,0.593089#
1478277307.39,-0.259301,0.166540,0.390876,-0.861595,1.340440,0.560195#
1478277307.41,-0.400428,1.165571,1.031428,-0.877754,0.200141,-1.062555#
1478277307.43,-0.326443,1.108575,0.907085,-0.863241,-0.215657,-1.566831#
1478277307.45,-0.318507,1.108405,0.901618,-0.829215,-0.484780,0.188342#
1478277307.47,-0.005917,-0.036368,-0.033870,-0.793735,-0.471261,-0.399328#
1478277307.49,0.044238,-0.092632,-0.218730,-0.788859,0.510361,-1.330959#
1478277307.51,-0.037471,-0.123192,-0.139798,-0.821153,1.352461,-0.701911#
1478277307.53,-0.065864,0.027286,-0.098122,-0.875414,1.541013,1.100858#
1478277307.56,0.055120,-0.051099,-0.138031,-0.925741,1.050342,2.418795#
1478277307.58,0.063978,-0.357268,-0.000926,-0.943899,0.437835,3.071343#
1478277307.60,0.354199,-0.634144,-0.485914,-0.968417,1.009942,2.554432#
1478277307.62,0.355049,-0.641563,-0.457510,-1.061136,2.059696,0.942875#
1478277307.64,-0.127565,0.014650,-0.252767,-1.189704,2.015526,1.136862#
1478277307.66,-0.629313,0.350457,-0.197718,-1.315698,1.349185,2.200583#
1478277307.68,-0.483381,-0.039652,-0.420409,-1.410712,0.896780,1.549639#
1478277307.70,-0.030459,-0.305615,-0.355104,-1.491331,0.991739,0.537157#
1478277307.72,0.155662,-0.206590,-0.289840,-1.620835,1.574825,-0.007191#
1478277307.75,-0.116429,0.220898,-0.189676,-1.775285,1.547584,-0.862559#
1478277307.77,-0.356014,0.343390,-0.038435,-1.890478,1.005115,-0.263913#
1478277307.79,-0.281113,0.185998,-0.267615,-1.961841,0.823620,0.013115#
1478277307.81,-0.030589,-0.074624,-0.320878,-2.045595,1.124838,-0.156477#
1478277307.83,0.016976,-0.154135,-0.211697,-2.154374,1.524792,-0.099887#
1478277307.85,-0.153619,0.054380,0.154010,-2.259932,1.458125,0.523096#
1478277307.87,-0.229371,0.030707,0.037512,-2.350335,1.482215,1.284264#
1478277307.89,-0.241186,0.036509,0.059253,-2.440148,1.507235,1.341630#
1478277307.92,-0.251365,-0.069869,-0.046949,-2.512198,1.248582,0.874575#
1478277307.94,-0.258030,0.015086,0.045032,-2.565416,1.094853,0.585833#
1478277307.96,-0.213582,0.148743,0.194789,-2.610803,1.023451,0.432525#
1478277307.98,-0.087046,0.206273,0.274337,-2.641543,0.799724,-0.051843#
1478277308.00,-0.231520,0.159443,0.371295,-2.660244,0.592342,-0.179490#
1478277308.02,-0.470402,0.061314,0.504000,-2.661010,0.149041,0.276183#
1478277308.04,-0.608527,0.305891,0.181276,-2.650846,-0.130245,0.636690#
1478277308.06,-0.612856,0.305854,0.171539,-2.638680,-0.233161,0.566306#
1478277308.09,-0.535862,0.400202,0.021972,-2.638136,-0.077168,0.151837#
1478277308.11,-0.403632,0.156113,0.830165,-2.625899,-0.778520,0.518814#
1478277308.13,-0.460514,0.258366,0.551154,-2.566062,-1.674131,0.785059#
1478277308.15,-0.577265,0.320821,0.368255,-2.466731,-2.299732,0.413321#
1478277308.17,-0.505683,0.499045,0.184894,-2.321492,-2.807032,0.185925#
1478277308.19,-0.185238,0.868065,0.023461,-2.135675,-3.012258,-0.378326#
1478277308.21,0.273510,0.587391,-0.219216,-1.932007,-2.812268,-0.237712#
1478277308.23,0.495044,0.342955,-0.328727,-1.752630,-2.498336,0.456998#
1478277308.26,0.509700,0.348492,-0.383906,-1.594279,-2.489075,0.769098#
1478277308.28,0.115747,0.230824,-0.449644,-1.471946,-2.174007,0.217580#
1478277308.30,-0.279015,0.274112,-0.217405,-1.382898,-1.533769,0.596147#
1478277308.32,-0.132525,0.323819,-0.203422,-1.292903,-1.829213,-0.188957#
1478277308.34,-0.117043,0.332817,-0.238849,-1.193860,-1.949362,-0.946858#
1478277308.36,-0.119624,0.051019,-0.611884,-1.095555,-2.010890,-1.908781#
1478277308.38,-0.106712,-0.216064,-0.660537,-1.012382,-1.856398,-2.055480#
1478277308.40,-0.070130,-0.387950,-0.665364,-0.942201,-1.676968,-2.387115#
1478277308.42,-0.092147,-0.536466,-0.643407,-0.892840,-1.042350,-2.138517#
1478277308.45,-0.075103,-0.540053,-0.567190,-0.868420,-0.323857,-1.576936#
1478277308.47,-0.080862,-0.447415,-0.484555,-0.862178,0.297790,-1.106871#
1478277308.49,-0.052666,-0.503531,-0.531749,-0.866285,0.912803,-0.996099#
1478277308.51,-0.077867,-0.546347,-0.471025,-0.881485,1.583525,-0.972627#
1478277308.53,-0.074812,-0.564626,-0.428829,-0.916113,2.242832,-0.579703#
1478277308.55,-0.006343,-0.316669,0.021403,-0.979924,2.552923,0.421127#
1478277308.57,0.015938,0.298250,0.459155,-1.075981,2.298515,1.298441#
1478277308.59,-0.272409,1.302387,1.393810,-1.149793,0.357994,0.335398#
1478277308.62,-0.777158,1.975304,1.606257,-1.091853,-1.674765,-1.610056#
1478277308.64,-0.227237,-0.041154,0.508663,-1.004198,-1.171820,-2.184498#
1478277308.66,-0.219548,-0.040079,0.498466,-0.929152,-0.776787,-1.323734#
1478277308.68,-0.236197,-0.896770,-0.173426,-0.895390,0.002092,-0.361523#
1478277308.70,-0.013068,-0.025941,-0.623958,-0.953480,1.554195,0.789347#
1478277308.72,-0.037042,1.334366,-0.596861,-1.062004,1.661660,2.738293#
1478277308.74,-0.593278,1.571644,0.244669,-1.029131,-1.353022,0.574330#
1478277308.76,0.085515,-0.212985,-0.319408,-0.927004,-0.334823,0.051912#
1478277308.79,0.532278,-1.552299,-0.832570,-0.921732,1.224615,-0.351554#
1478277308.81,0.638935,-0.349670,-0.336095,-1.040616,2.606792,0.367334#
1478277308.83,-0.364734,0.999891,-0.640931,-1.304603,3.246112,4.114322#
1478277308.85,-0.386600,1.001004,-0.614849,-1.521347,1.403448,2.865107#
1478277308.87,-0.713819,0.463711,-0.233357,-1.611071,1.271982,-1.225489#
1478277308.89,-0.044874,-0.283113,0.174921,-1.708797,1.386971,0.124416#
1478277308.91,-0.111248,-0.224280,-0.207956,-1.824582,1.323015,-0.112096#
1478277308.93,-0.304563,-0.045937,-0.200398,-1.935357,1.251365,-0.712316#
1478277308.95,-0.234217,-0.056757,0.044032,-2.017741,0.890550,0.347645#
1478277308.98,-0.056610,-0.019410,-0.000596,-2.090723,0.931654,1.058435#
1478277309.00,-0.155692,-0.131959,-0.036580,-2.151115,0.696935,0.594891#
1478277309.02,-0.166774,-0.128401,-0.025621,-2.199109,0.741519,0.563936#
1478277309.04,-0.278054,-0.158448,-0.062861,-2.255468,0.952709,0.899351#
1478277309.06,-0.304224,-0.116423,-0.118705,-2.323904,1.172117,1.025728#
1478277309.08,-0.218161,-0.053619,-0.094430,-2.395467,1.272884,1.064901#
1478277309.10,-0.165835,0.015912,0.018952,-2.464919,1.306157,1.143167#
1478277309.12,-0.221623,0.040233,0.147961,-2.524273,1.183154,0.966811#
1478277309.15,-0.315071,0.092942,0.315153,-2.571165,1.046083,0.465502#
1478277309.17,-0.427238,0.075509,0.502386,-2.598377,0.575925,0.496579#
1478277309.19,-0.631149,0.187235,0.315109,-2.607472,0.333768,0.369028#
1478277309.21,-0.729474,0.291627,0.235005,-2.617737,0.275055,0.359084#
1478277309.23,-0.733587,0.353722,0.195870,-2.623225,0.013684,0.235755#
1478277309.25,-0.495803,0.563320,0.314501,-2.622905,-0.193374,-0.191572#
1478277309.27,-0.496554,0.485146,0.602724,-2.602550,-0.834911,-0.771254#
1478277309.29,-0.484262,0.476799,0.579239,-2.539370,-1.811551,-0.382530#
1478277309.32,-0.608172,0.505171,0.173883,-2.428089,-2.490402,-0.412211#
1478277309.34,-0.101204,0.643178,0.215289,-2.267551,-2.964588,-0.539093#
1478277309.36,0.415976,0.551855,-0.116194,-2.073311,-2.719455,-0.297895#
1478277309.38,0.622390,0.453116,-0.412243,-1.895135,-2.453101,0.280299#
1478277309.40,0.538620,0.246965,-0.311293,-1.726969,-2.423760,1.444659#
1478277309.42,0.086750,0.139158,-0.141259,-1.582082,-2.096031,1.541299#
1478277309.44,-0.214218,0.269420,-0.345024,-1.463480,-2.029298,0.658825#
1478277309.46,-0.203709,0.277762,-0.385080,-1.352952,-2.053316,-0.610525#
1478277309.49,-0.120076,0.259603,-0.530782,-1.261677,-2.067337,-1.219761#
1478277309.51,-0.270935,0.065248,-0.410079,-1.172149,-2.217749,-2.182860#
1478277309.53,-0.169794,-0.184507,-0.503234,-1.086614,-1.936721,-1.861585#
1478277309.55,-0.118550,-0.289005,-0.529015,-1.012369,-1.933017,-2.141286#
1478277309.57,-0.075743,-0.332833,-0.576963,-0.948584,-1.549907,-2.074515#
1478277309.59,-0.056217,-0.352882,-0.572656,-0.906558,-0.864340,-1.657266#
1478277309.61,-0.034100,-0.335397,-0.570496,-0.883752,-0.194336,-1.248052#
1478277309.63,-0.063041,-0.483206,-0.551042,-0.876082,0.485961,-0.971270#
1478277309.65,-0.063958,-0.492897,-0.530011,-0.882390,1.091410,-0.881637#
1478277309.68,-0.052036,-0.565275,-0.475794,-0.907369,1.792323,-0.646252#
1478277309.70,-0.082117,-0.466774,-0.145730,-0.961536,2.432647,-0.069316#
1478277309.72,-0.029811,-0.018499,0.305802,-1.053462,2.622174,0.738893#
1478277309.74,-0.033397,-0.027960,0.343513,-1.163941,1.801580,1.112097#
1478277309.76,-0.678165,1.852084,1.812585,-1.196542,-0.593038,-0.360396#
1478277309.78,-0.392444,1.194785,0.889723,-1.127200,-1.156153,-1.693054#
1478277309.80,-0.073206,0.048949,0.483058,-1.053768,-0.702511,-1.503078#
1478277309.82,-0.111975,-0.705673,0.211036,-0.986528,-0.549704,-0.286162#
1478277309.85,-0.221938,-1.139536,-0.340893,-0.974952,0.596280,0.316089#
1478277309.87,-0.077577,-0.363426,-0.735093,-1.072232,2.494501,1.504210#
1478277309.89,-0.373433,2.060979,0.397608,-1.220906,1.713006,3.318352#
1478277309.91,-0.355866,2.062747,0.370345,-1.144983,-2.308049,-0.328039#
1478277309.93,0.079790,-0.632967,-0.839539,-1.054783,0.467823,0.378431#
1478277309.95,0.528042,-1.509332,-0.770464,-1.097691,1.854019,0.519078#
1478277309.97,0.649006,-1.114872,-0.439612,-1.232935,2.340536,1.268910#
1478277309.99,0.612899,-0.234431,-0.248832,-1.471199,2.234223,4.299035#
1478277310.02,-1.211573,1.384847,-1.192044,-1.627791,0.729640,2.254477#
1478277310.04,-0.664541,0.210946,-0.035826,-1.729247,1.945496,-1.782071#
1478277310.06,-0.664292,0.207662,0.004143,-1.864387,1.462272,-0.038096#
1478277310.08,-0.144165,-0.190134,-0.205283,-1.965854,1.087985,-0.213984#
1478277310.10,-0.071560,-0.132876,-0.221421,-2.047653,0.927132,-0.027072#
1478277310.12,0.032157,-0.044700,-0.087569,-2.137201,1.220834,1.159223#
1478277310.14,0.001344,0.000302,0.041143,-2.235269,1.206676,1.338305#
1478277310.16,-0.186282,-0.046421,0.059019,-2.299459,0.791570,0.892590#
1478277310.19,-0.374375,-0.081825,-0.020872,-2.344852,0.787970,1.149229#
1478277310.21,-0.383259,-0.069502,-0.041834,-2.396346,0.932079,1.199495#
1478277310.23,-0.394494,-0.064703,-0.027813,-2.453329,1.023479,0.682724#
1478277310.25,-0.277151,-0.001687,0.010738,-2.507004,1.022919,0.539542#
1478277310.27,-0.375928,0.135145,0.189434,-2.553611,0.951472,0.655032#
1478277310.29,-0.373736,0.044822,0.350074,-2.595949,0.898594,0.409263#
1478277310.31,-0.465618,0.029407,0.525699,-2.621893,0.460288,0.046301#
1478277310.33,-0.728008,0.180186,0.254522,-2.618853,0.023713,-0.159735#
1478277310.35,-0.803869,0.310910,0.049555,-2.616869,0.057049,-0.050871#
1478277310.38,-0.716657,0.401596,0.052124,-2.618500,-0.110122,0.011991#
1478277310.40,-0.143536,0.505037,0.516601,-2.616602,-0.404936,0.094206#
1478277310.42,-0.131024,0.498068,0.501277,-2.580578,-1.209234,-0.394744#
1478277310.44,-0.311271,0.344261,0.749329,-2.492433,-2.112168,0.157346#
1478277310.46,-0.470550,0.413315,0.238920,-2.341956,-2.839989,0.293403#
1478277310.48,0.017355,0.680492,-0.007578,-2.138146,-3.109899,-0.333130#
1478277310.50,0.033677,0.679179,-0.062897,-1.932931,-2.685905,-0.283129#
1478277310.52,0.424386,0.479699,-0.541521,-1.760480,-2.412873,1.187430#
1478277310.55,0.287014,0.261980,-0.474824,-1.613742,-2.067223,1.060896#
1478277310.57,-0.195704,0.167364,-0.309973,-1.500380,-2.104194,-0.801563#
1478277310.59,-0.343295,0.201622,-0.075239,-1.389704,-2.372653,-1.232542#
1478277310.61,-0.355449,0.328795,-0.274852,-1.301047,-2.013537,-0.908430#
1478277310.63,-0.428897,0.318917,-0.565791,-1.217025,-2.132384,-1.929212#
1478277310.65,-0.161582,-0.114290,-0.531133,-1.126591,-1.943699,-2.140731#
1478277310.67,-0.008126,-0.288039,-0.597746,-1.041951,-1.804086,-2.175078#
1478277310.69,-0.011879,-0.277503,-0.618051,-0.964958,-1.753204,-2.519178#
1478277310.72,0.016868,-0.310735,-0.568706,-0.903152,-1.072703,-2.039747#
1478277310.74,-0.006435,-0.370240,-0.550182,-0.861819,-0.438677,-1.403609#
1478277310.76,-0.099796,-0.408050,-0.540445,-0.839558,0.134655,-0.894029#
1478277310.78,-0.136003,-0.446058,-0.588063,-0.832092,0.675462,-0.867375#
1478277310.80,-0.076115,-0.555601,-0.545621,-0.841087,1.363841,-0.783485#
1478277310.82,-0.048948,-0.585545,-0.400453,-0.878195,2.133256,-0.305019#
1478277310.84,-0.008596,-0.144624,0.239158,-0.951487,2.587162,0.531835#
1478277310.86,-0.010446,-0.157694,0.283052,-1.060055,2.324537,1.105104#
1478277310.88,-0.167939,0.527046,0.828269,-1.148843,0.525158,-0.466546#
1478277310.91,-0.760577,1.470235,1.004569,-1.123431,-0.901520,-2.178161#
1478277310.93,-0.025063,0.372948,0.650100,-1.058824,-0.717680,-1.614118#
1478277310.95,0.083294,-0.391687,0.385600,-0.996195,-0.438112,-0.226449#
1478277310.97,0.245070,-0.785749,-0.136685,-0.970412,0.098839,0.271003#
1478277310.99,0.007798,-0.242147,-0.631114,-1.028955,1.415810,1.085400#
1478277311.01,-0.183647,0.622413,-0.691994,-1.142176,1.828897,2.455630#
1478277311.03,-0.281650,1.057855,-0.156906,-1.176016,-0.168844,0.733956#
1478277311.05,-0.515852,0.267555,0.422424,-1.099980,-0.546475,1.072321#
1478277311.08,-0.167661,-0.837693,-0.791509,-1.105873,1.623824,1.686102#
1478277311.10,0.684216,-0.643415,-0.300591,-1.233354,2.543276,1.637261#
1478277311.12,0.000356,0.300269,-0.306949,-1.438207,2.244350,2.488368#
1478277311.14,-0.023052,0.302835,-0.285102,-1.619600,1.293614,2.438792#
1478277311.16,-1.055125,0.725735,-0.477818,-1.701148,0.750078,-0.708055#
1478277311.18,-0.339502,-0.178549,0.200750,-1.780391,1.067680,-0.484222#
1478277311.20,-0.110649,-0.194320,-0.170896,-1.870354,1.170504,-0.626510#
1478277311.22,-0.139745,-0.157500,-0.274769,-1.962230,1.109944,-0.294867#
1478277311.25,-0.123360,-0.029120,-0.126147,-2.051852,1.106061,0.779018#
1478277311.27,0.000682,0.043841,0.086279,-2.131278,1.014932,1.727534#
1478277311.29,-0.188506,-0.055480,-0.060298,-2.200975,0.924454,1.015700#
1478277311.31,-0.368913,-0.108205,-0.037878,-2.258674,0.892534,0.896982#
1478277311.33,-0.383812,-0.102743,-0.025928,-2.315002,0.972572,1.014682#
1478277311.35,-0.344193,-0.078572,-0.092211,-2.375542,1.116248,0.634756#
1478277311.37,-0.292940,0.096535,-0.059154,-2.440205,1.283376,0.367679#
1478277311.39,-0.348156,0.211332,0.128573,-2.506779,1.375764,0.666515#
1478277311.42,-0.366126,0.047097,0.374536,-2.567911,1.235884,0.769346#
1478277311.44,-0.386346,0.067059,0.558343,-2.605515,0.664403,0.096025#
1478277311.46,-0.667909,0.229037,0.382265,-2.602455,-0.074779,-0.189413#
1478277311.48,-0.928340,0.388859,-0.174841,-2.585989,-0.185875,-0.292548#
1478277311.50,-0.923605,0.386800,-0.174432,-2.588792,0.112447,-0.011207#
1478277311.52,-0.538525,0.410183,0.067532,-2.615466,0.276878,-0.183043#
1478277311.54,-0.097299,0.371989,0.900192,-2.614877,-0.721294,0.137576#
1478277311.56,-0.287821,0.328457,0.607106,-2.554375,-1.684497,0.708376#
1478277311.58,-0.569669,0.356857,0.159624,-2.451382,-2.169530,0.604385#
1478277311.61,-0.392403,0.421042,0.139550,-2.292989,-3.049419,0.085505#
1478277311.63,0.030116,0.537242,-0.210810,-2.082330,-3.005063,-0.905154#
1478277311.65,0.449719,0.415533,-0.391449,-1.897885,-2.594570,-0.295632#
1478277311.67,0.552507,0.399183,-0.449832,-1.722737,-2.834556,1.370553#
1478277311.69,0.354492,0.249683,-0.619254,-1.575319,-2.798701,-0.405125#
1478277311.71,-0.246042,0.289764,-0.362492,-1.474895,-2.337071,-1.182889#
1478277311.73,-0.537164,0.482098,-0.139673,-1.393935,-2.101793,-0.559401#
1478277311.75,-0.392639,0.330983,-0.745844,-1.302858,-2.233066,-0.981152#
1478277311.78,-0.389354,0.341496,-0.775237,-1.213795,-2.011181,-1.607885#
1478277311.80,-0.124975,-0.144393,-0.676359,-1.128953,-2.131614,-2.327235#
1478277311.82,-0.084900,-0.235065,-0.582384,-1.051461,-1.975981,-2.204084#
1478277311.84,-0.082218,-0.350682,-0.598590,-0.990226,-1.570848,-2.217108#
1478277311.86,-0.130775,-0.471646,-0.562790,-0.946616,-0.923746,-1.795784#
1478277311.88,-0.209214,-0.471914,-0.511224,-0.921531,-0.226192,-1.109617#
1478277311.90,-0.256808,-0.381150,-0.499394,-0.911207,0.470271,-0.686143#
1478277311.92,-0.075280,-0.509465,-0.485086,-0.914626,1.251792,-0.704118#
1478277311.95,-0.068642,-0.528650,-0.447878,-0.940622,2.113006,-0.558959#
1478277311.97,-0.002259,-0.610526,-0.267433,-0.999973,2.740462,0.190581#
1478277311.99,0.053628,-0.034037,0.239871,-1.098934,2.899933,1.495158#
1478277312.01,-0.209591,0.895119,0.896389,-1.220178,2.124823,1.646250#
1478277312.03,-0.216645,0.896028,0.901810,-1.249943,-0.828775,-0.838377#
1478277312.05,-0.343640,1.059726,0.810078,-1.176281,-1.053751,-1.722878#
1478277312.07,-0.187030,-0.091590,0.667016,-1.108248,-0.693402,-0.379917#
1478277312.09,-0.252274,-0.756204,0.210362,-1.050487,-0.423419,0.192128#
1478277312.12,-0.284259,-0.920074,-0.471268,-1.065058,1.145685,0.302418#
1478277312.14,-0.286066,-0.075719,-0.883932,-1.182196,2.719634,2.459090#
1478277312.16,-0.112227,1.497615,-0.522360,-1.280231,0.330057,2.932493#
1478277312.18,-0.115916,-0.327521,-0.525876,-1.177272,-1.959276,-1.645079#
1478277312.20,0.476439,-1.452957,-0.615884,-1.136474,1.189857,0.464409#
1478277312.22,0.491104,-1.464666,-0.580454,-1.201759,2.099750,0.691059#
1478277312.24,0.754421,-0.392857,-0.244373,-1.352557,2.581553,2.902770#
1478277312.26,-0.226945,0.850699,-0.750431,-1.580269,1.567356,5.204272#
1478277312.28,-1.380105,1.552142,-1.399672,-1.672832,0.575800,-0.475044#
1478277312.31,-0.878924,0.262725,-0.154134,-1.776565,1.864794,-2.000831#
1478277312.33,-0.271177,-0.308148,0.533695,-1.869406,1.067999,-0.037720#
1478277312.35,-0.250070,-0.141075,-0.179523,-1.948138,1.046009,0.036092#
1478277312.37,0.054112,-0.016268,-0.047037,-2.030998,1.092900,0.520702#
1478277312.39,0.047769,-0.014676,-0.031281,-2.114926,1.077000,1.325235#
1478277312.41,0.044347,0.031991,0.041211,-2.186528,0.874182,0.973687#
1478277312.43,-0.391639,-0.062813,0.046522,-2.236672,0.699131,0.864760#
1478277312.45,-0.551146,-0.096924,-0.077299,-2.281125,0.750613,1.180062#
1478277312.48,-0.495838,-0.114505,-0.167879,-2.332696,0.905073,0.820174#
1478277312.50,-0.336969,-0.041493,-0.102907,-2.388636,1.007709,0.209894#
1478277312.52,-0.328411,0.120380,0.026297,-2.445086,1.089746,0.146588#
1478277312.54,-0.397115,0.177291,0.222977,-2.503594,1.188175,0.440688#
1478277312.56,-0.508354,-0.017374,0.556845,-2.554301,0.860848,0.518366#
1478277312.58,-0.518127,-0.012668,0.562402,-2.566400,0.101334,-0.046442#
1478277312.60,-0.754010,0.147831,0.174711,-2.555341,-0.158752,-0.701050#
1478277312.62,-0.896100,0.423317,0.109031,-2.546323,-0.167705,-0.535690#
1478277312.65,-0.433666,0.431278,0.375991,-2.545036,-0.287523,-0.056506#
1478277312.67,-0.416932,0.423098,0.363606,-2.522068,-0.963739,-0.171991#
1478277312.69,-0.328208,0.232305,0.707433,-2.442719,-2.043415,-0.129976#
1478277312.71,-0.493784,0.414665,0.472439,-2.288336,-2.900120,0.316279#
1478277312.73,-0.043763,0.698908,0.111288,-2.077227,-3.075572,0.293303#
1478277312.75,0.272791,0.650114,-0.451904,-1.869807,-2.636047,-0.395503#
1478277312.77,0.479084,0.514695,-0.528514,-1.701767,-2.368302,0.655882#
1478277312.79,0.525448,0.577173,-0.138448,-1.544251,-2.685419,2.135350#
1478277312.81,-0.376443,0.321018,-0.638580,-1.411229,-2.383125,-0.272625#
1478277312.84,-0.454589,0.322847,-0.133937,-1.309517,-2.359259,-1.257524#
1478277312.86,-0.454693,0.335890,-0.170142,-1.226282,-1.989395,-1.172930#
1478277312.88,-0.460843,0.307717,-0.545047,-1.151152,-1.941683,-1.577925#
1478277312.90,-0.265418,0.114660,-0.568521,-1.068840,-1.966369,-2.177181#
1478277312.92,-0.035843,-0.107519,-0.574656,-0.991941,-1.858289,-2.412513#
1478277312.94,0.041949,-0.259483,-0.621246,-0.925507,-1.836856,-2.895046#
1478277312.96,-0.017497,-0.351912,-0.571072,-0.873732,-1.377474,-2.438218#
1478277312.98,-0.043904,-0.397327,-0.519314,-0.839434,-0.832546,-1.775332#
1478277313.01,-0.191773,-0.399220,-0.593624,-0.821878,-0.187127,-0.997160#
1478277313.03,-0.193995,-0.402858,-0.585646,-0.814532,0.344465,-0.786944#
1478277313.05,-0.164494,-0.473870,-0.568707,-0.814913,0.805574,-0.931252#
1478277313.07,-0.200163,-0.579984,-0.415326,-0.828748,1.314742,-0.828606#
1478277313.09,-0.249238,-0.538773,-0.212167,-0.861715,1.772827,-0.349885#
1478277313.11,-0.199224,-0.315138,0.140437,-0.915423,2.050740,0.593113#
1478277313.13,-0.151417,0.246495,0.549982,-0.989634,1.799325,0.843071#
1478277313.15,-0.376131,0.880278,1.254333,-1.042054,0.434974,-0.424171#
1478277313.18,-0.599751,1.300432,1.536393,-1.023753,-0.919253,-1.499984#
1478277313.20,-0.596085,0.891972,0.722793,-0.971233,-0.906946,-2.015493#
1478277313.22,-0.176205,0.186847,0.504612,-0.904073,-1.012857,-0.950644#
1478277313.24,0.045701,-0.592517,0.239050,-0.852270,-0.574582,-0.152499#
1478277313.26,0.085316,1.149381,0.117166,-0.879153,0.733820,0.649400#
1478277313.28,-0.806479,2.035769,0.040401,-0.892593,-0.885252,1.454158#
1478277313.30,-0.786335,2.043566,0.004212,-0.807048,-1.754477,0.052741#
1478277313.32,0.226508,-1.485390,-0.927534,-0.755950,0.018665,0.008182#
1478277313.35,0.230336,-1.490890,-0.917086,-0.767472,0.979933,0.275295#
1478277313.37,0.126792,-0.659821,-0.369432,-0.829264,1.928230,2.037564#
1478277313.39,-0.245540,1.271350,-0.511878,-0.918083,1.582385,3.204271#
1478277313.41,-0.391412,0.770791,-0.476261,-0.973015,0.819823,0.829685#
1478277313.43,-0.115189,-0.046988,-0.399972,-0.994713,1.028556,0.189827#
1478277313.45,-0.102236,-0.198687,-0.310673,-1.048541,1.614013,0.401695#
1478277313.47,-0.212634,-0.118791,-0.184394,-1.144094,1.908527,0.876047#
1478277313.49,-0.412943,-0.011668,-0.191770,-1.259042,1.669136,0.895209#
1478277313.51,-0.528222,0.012409,-0.267716,-1.355727,1.146057,0.170697#
1478277313.54,-0.441299,0.263573,-0.337839,-1.432745,0.888756,-0.055766#
1478277313.56,-0.477586,-0.051980,-0.321663,-1.499471,1.099358,-0.066249#
1478277313.58,-0.058277,-0.077336,-0.103878,-1.563151,0.999889,-0.140207#
1478277313.60,-0.180950,0.033930,0.122617,-1.635877,0.931865,-0.263241#
1478277313.62,-0.187247,0.034102,0.141094,-1.704985,1.032886,0.501425#
1478277313.64,-0.195502,-0.015774,0.105698,-1.774779,0.944250,0.949744#
1478277313.66,-0.301981,-0.061141,-0.007295,-1.817986,0.444480,0.890408#
1478277313.68,-0.317732,-0.010720,-0.011021,-1.838550,0.232778,0.413801#
1478277313.71,-0.368929,0.203991,0.059967,-1.849943,0.098812,0.274183#
1478277313.73,-0.350657,0.411257,0.030900,-1.847536,-0.103945,0.190371#
1478277313.75,-0.373066,0.194455,-0.039871,-1.836091,-0.244000,0.325558#
1478277313.77,-0.256898,-0.055640,-0.106587,-1.810296,-0.467821,0.377473#
1478277313.79,-0.255493,-0.054982,-0.119108,-1.780241,-0.428792,0.507597#
1478277313.81,-0.177207,-0.009584,-0.214055,-1.762856,-0.200303,0.233260#
1478277313.83,-0.331814,0.091248,-0.321074,-1.757270,-0.010169,-0.054799#
1478277313.85,-0.254283,0.119736,-0.303925,-1.761154,0.119799,-0.081749#
1478277313.88,-0.283647,0.006671,-0.373736,-1.771475,0.210264,-0.400143#
1478277313.90,-0.283360,-0.044074,-0.320582,-1.784264,0.224291,-0.324544#
1478277313.92,-0.249878,-0.054934,-0.254904,-1.800481,0.256228,-0.217199#
1478277313.94,-0.220090,-0.147366,-0.186154,-1.818487,0.275476,-0.219672#
1478277313.96,-0.094010,-0.142912,-0.171650,-1.839761,0.338987,-0.181493#
1478277313.98,-0.096493,-0.142672,-0.162615,-1.866417,0.436387,-0.190526#
1478277314.00,-0.072377,-0.182651,-0.141965,-1.898907,0.425406,0.090868#
1478277314.02,-0.169719,-0.117075,-0.230653,-1.933082,0.540448,-0.600477#
1478277314.05,-0.312750,-0.281182,-0.127139,-1.974371,0.691372,-1.731489#
1478277314.07,-0.310166,-0.282037,-0.097794,-2.030784,1.014086,-1.573064#
1478277314.09,-0.105532,0.678847,-0.128295,-2.115877,1.483249,-0.910309#
1478277314.11,-0.346938,0.897867,0.286805,-2.193970,0.817372,-0.132662#
1478277314.13,-0.155551,0.342200,0.087871,-2.200815,-0.512621,-1.016438#
1478277314.15,-0.120667,-0.298368,0.027586,-2.133942,-1.536938,-1.987025#
1478277314.17,0.011851,-0.349373,0.085741,-2.035182,-1.354112,-0.266675#
1478277314.19,-0.128453,-0.438933,-0.016995,-1.952596,-0.952537,1.400600#
1478277314.21,-0.443704,0.438943,-0.084429,-1.886931,-0.890943,2.096592#
1478277314.24,-0.405616,0.106738,-0.265678,-1.827436,-0.707672,0.516644#
1478277314.26,-0.404064,0.106490,-0.270980,-1.791498,-0.465961,-1.284097#
1478277314.28,-0.421373,0.361331,0.203153,-1.743194,-0.856225,-1.411976#
1478277314.30,-0.490516,0.160011,0.193473,-1.727694,0.383110,1.160517#
1478277314.32,-0.138296,-0.000421,0.053749,-1.855559,2.549927,2.815140#
1478277314.34,0.346744,-0.994201,-0.219562,-1.993076,0.998170,-2.113437#
1478277314.36,-0.000804,0.008728,0.328476,-1.930267,-1.715473,0.969731#
1478277314.38,-0.425285,0.317980,-0.527733,-1.829322,-1.779860,1.652920#
1478277314.41,-0.649519,0.794631,-0.041504,-1.710105,-2.405849,-1.571756#
1478277314.43,-0.623264,0.788451,-0.071532,-1.576975,-1.268730,-0.155557#
1478277314.45,-0.387847,0.124686,0.457313,-1.495062,-0.405156,-0.504744#
1478277314.47,-0.294791,-0.160522,-0.123897,-1.462800,0.308697,-0.304454#
1478277314.49,-0.356717,-0.052265,0.102270,-1.484300,0.489783,0.739295#
1478277314.51,-0.373857,-0.051130,0.188460,-1.499370,-0.023376,0.685365#
1478277314.53,-0.234710,0.047236,-0.031810,-1.482925,-0.360984,0.412236#
1478277314.55,-0.213235,0.172488,-0.079608,-1.454865,-0.294472,0.093938#
1478277314.58,-0.323930,0.266792,0.071862,-1.428936,-0.150812,-0.264271#
1478277314.60,-0.426811,0.502795,0.181758,-1.374230,-0.274267,0.251927#
1478277314.62,-0.246457,0.615448,0.184333,-1.258089,-0.294719,0.313765#
1478277314.64,-0.095640,0.117679,-0.400497,-1.202649,0.053968,-1.117834#
1478277314.66,-0.413304,0.111231,0.077659,-1.173788,-0.023253,-0.292574#
1478277314.68,-0.288364,0.006452,-0.068952,-1.119647,-0.452451,0.478234#
1478277314.70,-0.276571,0.006428,-0.079323,-1.065005,-0.316333,1.157026#
1478277314.72,-0.331859,0.130652,-0.495255,-1.058880,0.649088,1.640715#
1478277314.74,-0.311501,-0.028183,0.052689,-1.095206,1.190763,1.750379#
1478277314.77,-0.456711,0.139133,0.414604,-1.082449,0.322734,0.544728#
1478277314.79,-0.143546,-0.145471,0.062200,-0.987908,-0.218734,-0.120254#
1478277314.81,-0.194800,-0.219231,-0.384719,-0.930891,0.580533,-0.851336#
1478277314.83,-0.310298,-0.087132,-0.121811,-0.881457,0.814004,-1.649198#
1478277314.85,-0.531864,0.118988,0.356459,-0.732123,0.017074,-1.630627#
1478277314.87,-0.504904,0.119369,0.346927,-0.481684,-0.817345,-0.802856#
1478277314.89,-0.481775,-0.049612,0.102069,-0.200872,-0.943619,-0.256424#
1478277314.91,0.101823,-0.055914,-0.138268,0.019402,-0.362008,0.271853#
1478277314.94,0.030710,-0.194436,-0.026930,0.137676,-0.164688,0.929507#
1478277314.96,-0.361194,-0.101713,-0.031574,0.205945,-0.392148,0.470469#
1478277314.98,-0.339410,-0.043026,0.059244,0.271066,-0.134852,0.979212#
1478277315.00,-0.012186,-0.001960,0.020708,0.339511,0.332807,1.434056#
1478277315.02,-0.044298,-0.036598,0.120065,0.375808,0.563251,2.225957#
1478277315.04,-0.417997,0.027172,-0.111138,0.468914,0.387721,1.741707#
1478277315.06,-0.405659,0.029151,-0.108403,0.497672,0.589787,-1.026601#
1478277315.08,0.378508,0.117644,-0.016417,0.593219,1.497951,-0.017174#
1478277315.11,-0.048945,-0.006943,0.415047,0.656675,0.973426,3.485664#
1478277315.13,-0.478709,0.138990,-0.401453,0.567220,0.166970,4.469779#
1478277315.15,-0.500664,0.136017,-0.376600,0.693767,1.933796,0.364350#
1478277315.17,-0.851834,-0.019280,0.610237,1.249594,2.279482,-0.203751#
1478277315.19,-0.794888,-0.015445,1.127169,1.341818,-0.290459,3.867799#
1478277315.21,-0.859599,-0.087857,0.278268,1.111447,-0.859733,6.106560#
1478277315.23,-0.854874,-0.074867,-0.157482,0.938228,-0.248559,5.335052#
1478277315.25,-0.718774,-0.046046,-0.102120,0.826393,-0.159386,4.597827#
1478277315.28,-0.546481,-0.082315,-0.049558,0.720979,-0.329327,5.233116#
1478277315.30,-0.257596,-0.428096,-0.571095,0.628624,-0.193131,5.683587#
1478277315.32,-0.414976,-0.485131,-1.140586,0.572554,1.053092,4.261656#
1478277315.34,-0.346384,-0.427125,-1.054462,0.592250,3.793815,3.588853#
1478277315.36,-0.082382,-0.125304,-0.712142,0.644869,5.686909,2.949915#
1478277315.38,0.188451,0.104324,-0.306510,0.686003,6.164086,2.226455#
1478277315.40,0.352952,0.159168,0.269220,0.686827,4.248553,1.588511#
1478277315.42,0.499238,0.130440,0.396183,0.652315,2.580527,2.191643#
1478277315.44,0.551167,0.162153,0.126795,0.615371,2.125432,2.485362#
1478277315.47,0.448774,0.267818,0.068547,0.589700,2.084861,2.590138#
1478277315.49,0.277193,0.144460,0.325800,0.565379,1.695702,2.486699#
1478277315.51,0.241973,0.202366,0.357394,0.533280,0.887993,2.192535#
1478277315.53,0.264581,0.143915,0.491875,0.489399,-0.138852,1.712600#
1478277315.55,0.494724,0.084838,0.192619,0.442587,-0.982998,1.199322#
1478277315.57,0.253646,0.132004,-0.023636,0.403155,-1.101449,1.278421#
1478277315.59,0.117394,0.083114,-0.052858,0.372832,-0.842971,1.758470#
1478277315.61,0.094267,-0.026458,-0.058543,0.346209,-0.577577,1.816715#
1478277315.64,0.107525,-0.038160,0.001678,0.320160,-0.330490,1.440654#
1478277315.66,0.204333,0.055255,-0.040771,0.297026,0.842060,2.350096#
1478277315.68,0.218333,0.184529,-0.300112,0.281721,1.028083,0.645997#
1478277315.70,0.255490,0.042599,0.156760,0.263654,0.888531,0.667009#
1478277315.72,0.257443,-0.049470,0.045603,0.246394,0.633591,0.416683#
1478277315.74,0.218041,-0.115697,0.149250,0.230584,0.284921,0.151747#
1478277315.76,0.253330,-0.126632,0.078598,0.218413,-0.123282,0.266323#
1478277315.78,0.248563,-0.128384,0.080466,0.211134,-0.186624,0.159547#
1478277315.81,0.250031,-0.142807,-0.025775,0.209230,-0.068848,0.148271#
1478277315.83,0.237466,-0.118090,-0.018196,0.209844,0.024940,0.140475#
1478277315.85,0.257334,-0.101910,0.031554,0.210898,0.017284,0.233585#
1478277315.87,0.263443,-0.103663,0.042617,0.211585,-0.025213,0.323258#
1478277315.89,0.290150,-0.135020,0.035345,0.212152,-0.098964,0.409213#
1478277315.91,0.274536,-0.151473,0.005688,0.213513,-0.107230,0.372634#
1478277315.93,0.289115,-0.128711,-0.061441,0.215555,0.177939,0.069658#
1478277315.95,0.292594,-0.125833,-0.062858,0.217192,0.067234,-0.158300#
1478277315.98,0.287590,-0.148476,0.117494,0.216972,-0.344750,0.273592#
