@ HyperIMU - rohanrodrigues - 2016
@ Date: Fri Nov 04 10:30:03 PDT 2016
@ Sensors: BMI160_accelerometer - BMI160_gyroscope
@ SamplingTime: 100ms

time,accelerometer-x,accelerometer-y,accelerometer-z,gyro-x,gyro-y,gyro-z
1478277266.56,0.0,0.0,0.0,0.0,0.0,0.0#
1478277266.58,-0.010447,0.021278,0.013692,0.073051,0.060986,-0.002942#
1478277266.60,-0.010311,0.021998,0.014691,0.073085,0.056167,0.003379#
1478277266.62,0.006390,-0.005843,0.005341,0.072398,0.075500,-0.014653#
1478277266.64,-0.012003,-0.010102,-0.006584,0.071409,0.056397,-0.047563#
1478277266.67,-0.011040,-0.008341,0.029248,0.069968,0.028619,-0.019552#
1478277266.69,-0.012167,0.004948,0.034475,0.066547,-0.017114,-0.004609#
1478277266.71,-0.010090,0.002885,0.042180,0.063064,-0.204745,0.017974#
1478277266.73,-0.010818,0.008918,0.047901,0.054558,-0.462270,0.078469#
1478277266.75,0.070553,-0.004355,-0.006725,0.044483,-0.584164,0.185734#
1478277266.77,0.071616,-0.005707,-0.005964,0.033563,-0.673176,0.191755#
1478277266.79,0.069433,-0.014455,-0.019150,0.023942,-0.890538,0.389116#
1478277266.81,0.053331,-0.026777,-0.098515,0.016255,-1.059158,-0.060757#
1478277266.84,0.000729,-0.002929,0.149537,0.009167,-1.386037,0.422798#
1478277266.86,0.159911,-0.066576,0.078791,0.000536,-1.619676,0.755536#
1478277266.88,-0.070204,-0.034796,0.008052,-0.005760,-1.199900,0.715856#
1478277266.90,0.039981,-0.081334,-0.077568,-0.006621,-1.049966,0.518524#
1478277266.92,-0.128403,-0.028003,-0.232116,-0.003114,-1.036854,0.280986#
1478277266.94,-0.039412,-0.073403,-0.025451,0.009541,-1.166645,0.510212#
1478277266.96,-0.052577,-0.085124,-0.053232,0.030882,-1.658820,-0.410143#
1478277266.98,-0.005711,-0.311122,0.048661,0.064020,-2.603945,-0.127567#
1478277267.01,-0.023220,-0.938071,0.147680,0.106087,-3.397324,-0.122719#
1478277267.03,-0.145557,-0.914787,0.374135,0.087653,-4.758258,0.243391#
1478277267.05,-0.210305,-0.546629,0.321382,-0.543371,-5.192196,0.602820#
1478277267.07,0.050043,0.074972,-0.314717,-1.166890,1.160800,1.332905#
1478277267.09,0.083128,0.967362,0.185408,-0.701558,0.389651,0.604515#
1478277267.11,0.125218,0.665904,-0.068213,-0.800385,-0.257572,-0.793067#
1478277267.13,-0.066389,0.612833,0.224839,-0.582797,0.494934,0.495280#
1478277267.15,-0.060914,0.464716,0.207165,-0.410261,0.396444,0.218391#
1478277267.17,0.046236,0.445562,0.311510,-0.400462,-0.022175,0.561724#
1478277267.20,0.062286,0.272990,0.229926,-0.497880,-0.126974,0.875028#
1478277267.22,0.665154,-3.354205,-0.237876,-0.650938,-0.618386,0.755468#
1478277267.24,0.628547,-3.354836,-0.240434,0.221399,-0.242460,0.787817#
1478277267.26,-0.076301,0.581439,-0.188390,0.984946,-0.763697,1.183436#
1478277267.28,-0.259504,0.578900,-0.179620,1.378778,0.081782,1.117061#
1478277267.30,-0.204885,0.376322,-0.215096,1.470940,-0.075489,-0.171082#
1478277267.32,-0.122489,0.092220,-0.009810,1.339453,0.875250,1.413910#
1478277267.34,-0.080955,0.051507,0.088135,1.044298,0.889517,1.976323#
1478277267.37,0.015673,0.158791,-0.026238,0.862962,0.451053,0.645616#
1478277267.39,-0.168061,0.206027,0.090664,0.772032,0.398597,0.801468#
1478277267.41,-0.167469,0.206414,0.097906,0.682952,0.400123,0.989030#
1478277267.43,-0.117831,0.140849,-0.010825,0.602458,0.509532,0.725807#
1478277267.45,-0.096407,0.005038,-0.115154,0.524596,0.686179,0.730613#
1478277267.47,-0.099017,-0.047005,-0.106826,0.468384,0.751300,0.676493#
1478277267.49,-0.073787,-0.100619,0.047235,0.445186,0.536357,0.618781#
1478277267.51,-0.054303,-0.176334,0.099727,0.431448,0.692755,0.337521#
1478277267.54,0.001430,-0.199836,0.259903,0.420278,0.362431,0.801443#
1478277267.56,0.057516,-0.215665,0.080958,0.412972,0.478936,0.817601#
1478277267.58,0.037412,-0.276815,0.093663,0.409246,0.507975,1.272566#
1478277267.60,0.023744,-0.274281,0.100494,0.422655,0.433134,1.070015#
1478277267.62,-0.021110,-0.224666,0.011948,0.437362,0.610293,0.460582#
1478277267.64,-0.172611,-0.166884,0.080328,0.435881,0.950567,0.697403#
1478277267.66,-0.206555,-0.206086,0.187950,0.415435,1.158421,0.977303#
1478277267.68,-0.224282,-0.198684,0.207885,0.399313,1.139324,0.937946#
1478277267.71,-0.279389,-0.273317,0.084693,0.390594,1.340311,0.618053#
1478277267.73,-0.115852,1.493469,0.297275,0.391286,0.917156,0.573198#
1478277267.75,-0.718264,1.353585,0.507402,0.396693,0.148160,0.399860#
1478277267.77,-0.304439,-0.079730,0.592424,0.366178,0.282769,1.435397#
1478277267.79,-0.060181,0.149640,0.348615,0.347516,-0.011032,0.760772#
1478277267.81,-0.141830,0.319235,0.362096,0.343846,-0.423418,0.274375#
1478277267.83,-0.376344,0.300954,0.434815,0.352841,-0.972925,0.323728#
1478277267.85,-0.362395,0.269282,0.281904,0.385029,-1.650108,-0.088821#
1478277267.87,-0.346534,0.258148,0.242115,0.456299,-2.210731,-0.243395#
1478277267.90,-0.126177,0.264632,0.237204,0.590837,-2.655280,-0.042331#
1478277267.92,0.205116,0.324469,0.038790,0.821281,-2.589862,-0.167105#
1478277267.94,0.359661,0.378927,0.015176,1.096767,-2.093946,0.190434#
1478277267.96,0.287723,0.265296,-0.115584,1.392099,-1.985684,0.950291#
1478277267.98,0.118192,0.094410,-0.422021,1.703806,-2.114543,0.230823#
1478277268.00,-0.078202,0.122577,-0.304354,1.967051,-2.013465,0.204710#
1478277268.02,-0.059676,0.336749,-0.358059,2.154206,-1.855871,-0.065022#
1478277268.04,-0.051717,0.342262,-0.394147,2.305660,-1.843668,-1.606897#
1478277268.07,0.008676,0.249135,-0.377679,2.446857,-1.919245,-1.873793#
1478277268.09,0.140091,-0.209741,-0.252613,2.565785,-1.737321,-1.197287#
1478277268.11,0.160586,-0.266296,-0.451702,2.656226,-1.573371,-1.308849#
1478277268.13,0.066520,-0.230320,-0.512101,2.722723,-1.398568,-1.422569#
1478277268.15,0.006345,-0.261876,-0.526862,2.776137,-0.914660,-1.307137#
1478277268.17,0.043303,-0.378465,-0.459007,2.821078,-0.379391,-1.124330#
1478277268.19,0.053997,-0.452208,-0.389159,2.853703,-0.017923,-1.060099#
1478277268.21,0.047148,-0.494769,-0.366510,2.875170,0.317295,-1.038139#
1478277268.24,0.037582,-0.468960,-0.340637,2.883368,0.747011,-0.917405#
1478277268.26,0.062504,-0.493574,-0.267063,2.870647,1.182438,-0.491506#
1478277268.28,-0.001800,-0.195194,0.099772,2.828537,1.495958,0.037623#
1478277268.30,-0.120722,0.174631,0.389761,2.759682,1.544308,0.224156#
1478277268.32,-0.128940,0.168638,0.417070,2.688992,1.107251,-0.122648#
1478277268.34,-0.372438,1.076625,1.256050,2.667457,-0.028516,-0.634123#
1478277268.36,-0.251407,0.709367,0.747247,2.730449,-0.573858,-0.910808#
1478277268.38,-0.136169,-0.133025,0.405148,2.830635,-0.647498,-0.575773#
1478277268.40,0.128613,-0.720449,0.019666,2.899037,0.000910,0.033856#
1478277268.43,0.376181,-0.091594,-0.292359,2.861085,1.181438,0.684355#
1478277268.45,0.281339,0.768089,-0.234121,2.762543,1.077695,1.774239#
1478277268.47,-0.157903,0.146012,0.462157,2.753178,-0.744346,0.009364#
1478277268.49,-0.143124,0.150286,0.438758,2.838863,-0.798791,0.873629#
1478277268.51,0.104600,-0.891506,-0.844174,2.864783,1.154533,1.099722#
1478277268.53,0.738054,-0.911085,-0.540665,2.778406,2.198298,1.458201#
1478277268.55,0.412675,0.291824,-0.505866,2.488635,2.397824,2.614491#
1478277268.57,-0.707359,1.501063,-0.238977,2.088489,1.197245,2.570060#
1478277268.60,-0.813357,1.026530,-0.615812,1.942799,1.082377,-0.416411#
1478277268.62,-0.207594,-0.144493,-0.043590,1.708558,1.932542,0.051771#
1478277268.64,0.318914,-0.424117,0.176242,1.423391,1.266953,-0.092323#
1478277268.66,-0.056606,-0.006446,-0.184374,1.223354,1.035786,-0.789959#
1478277268.68,-0.067360,-0.004580,-0.162949,1.073530,1.073707,0.602278#
1478277268.70,-0.017607,-0.060189,-0.104872,0.907567,1.426022,1.857682#
1478277268.72,-0.032775,-0.128557,0.084591,0.771589,1.264862,1.354504#
1478277268.74,-0.132029,-0.171367,0.094838,0.699112,0.912381,0.639436#
1478277268.77,-0.146144,-0.167170,0.110157,0.662537,0.786963,0.216727#
1478277268.79,-0.329975,-0.081756,0.082878,0.627146,0.843468,0.223035#
1478277268.81,-0.271103,-0.006771,0.043291,0.586955,0.932031,0.567824#
1478277268.83,-0.195074,0.083340,0.064194,0.542087,1.025899,0.806075#
1478277268.85,-0.109159,0.106298,0.207913,0.495289,1.085508,0.660972#
1478277268.87,-0.063707,0.001361,0.452563,0.456050,0.904673,0.260029#
1478277268.89,-0.124928,-0.068503,0.567509,0.450186,0.335602,-0.173468#
1478277268.91,-0.769860,0.279372,0.014892,0.482654,-0.210733,-0.304234#
1478277268.94,-0.793960,0.365071,0.087302,0.499416,-0.002878,-0.225363#
1478277268.96,-0.786178,0.362642,0.086081,0.486792,-0.171266,0.111906#
1478277268.98,-0.072398,0.481382,0.574135,0.479364,-0.750030,-0.008002#
1478277269.00,-0.126875,0.323803,0.751441,0.509907,-1.633186,0.174029#
1478277269.02,-0.287775,0.350115,0.453005,0.588689,-2.164103,0.621701#
1478277269.04,-0.067137,0.429329,0.433333,0.733142,-2.609814,0.570672#
1478277269.06,0.432165,0.549440,0.207787,1.039532,-2.861575,0.128702#
1478277269.08,0.605602,0.417595,-0.387755,1.415438,-2.408425,0.604345#
1478277269.10,0.308979,0.229589,-0.535533,1.738570,-2.334838,1.818131#
1478277269.13,0.319182,0.233949,-0.583706,1.973970,-2.133338,-0.129236#
1478277269.15,-0.142119,0.251253,-0.330475,2.137189,-2.446425,-1.545722#
1478277269.17,-0.155415,0.303719,-0.275344,2.258619,-2.108799,-0.484652#
1478277269.19,-0.191322,0.259408,-0.496902,2.345369,-2.082202,-1.270310#
1478277269.21,-0.084990,0.038268,-0.545699,2.431965,-1.879957,-1.807231#
1478277269.23,0.064025,-0.144366,-0.521782,2.518582,-1.808122,-1.983015#
1478277269.25,0.166704,-0.231346,-0.593116,2.598126,-1.907488,-2.323671#
1478277269.27,0.218818,-0.295318,-0.626313,2.664105,-1.567495,-2.290592#
1478277269.30,0.180181,-0.403013,-0.588990,2.712807,-0.990682,-1.755711#
1478277269.32,0.107440,-0.454503,-0.536138,2.742778,-0.282147,-0.862372#
1478277269.34,0.012886,-0.468389,-0.517046,2.759427,0.337306,-0.434484#
1478277269.36,0.036228,-0.577249,-0.515356,2.769725,0.948494,-0.539455#
1478277269.38,0.055963,-0.604344,-0.381203,2.771406,1.571183,-0.794825#
1478277269.40,0.057065,-0.619452,-0.342349,2.754612,2.068822,-0.299851#
1478277269.42,0.189607,-0.139928,0.257435,2.705519,2.147832,0.994616#
1478277269.44,-0.088885,0.547140,0.670098,2.622776,1.569217,1.300848#
1478277269.47,-0.388793,1.192333,1.316596,2.582342,-0.377742,-0.785732#
1478277269.49,-0.369258,1.043955,0.830760,2.631305,-0.560693,-2.426527#
1478277269.51,-0.061514,0.334092,0.561321,2.701847,-0.039183,-0.826591#
1478277269.53,-0.018403,-0.296879,0.457617,2.782439,-0.252453,0.527406#
1478277269.55,0.194082,-0.412651,-0.385384,2.810759,0.788162,0.796889#
1478277269.57,0.193305,-0.420958,-0.352361,2.736794,2.219807,1.997651#
1478277269.59,0.289291,0.774555,-0.612768,2.598214,1.365395,2.952818#
1478277269.61,-0.162820,0.494420,0.696137,2.643455,-2.197066,-1.352524#
1478277269.63,0.242053,-1.062982,-0.769403,2.746280,-0.026885,-0.153768#
1478277269.66,0.529337,-1.568968,-0.736446,2.741848,1.933774,1.280586#
1478277269.68,0.640653,-0.921864,-0.497470,2.589674,2.841993,2.850358#
1478277269.70,0.420629,0.081951,-0.445076,2.226714,2.383662,5.110033#
1478277269.72,-0.634911,1.426270,-0.927332,1.856840,0.862160,1.037679#
1478277269.74,-0.151846,-0.284027,0.540060,1.666005,1.679163,-1.276593#
1478277269.76,-0.155235,-0.284749,0.569908,1.424545,1.237116,-0.372945#
1478277269.78,0.028111,-0.357112,-0.005315,1.198990,1.139125,-0.253566#
1478277269.80,0.169464,-0.247947,-0.497807,1.029429,1.126684,0.586292#
1478277269.83,0.171708,-0.014513,-0.197908,0.860534,1.430925,1.053125#
1478277269.85,0.155373,-0.010344,-0.172205,0.734054,1.303747,0.738666#
1478277269.87,-0.185342,-0.095621,0.167219,0.655033,1.197354,0.352928#
1478277269.89,-0.346617,-0.079223,0.201392,0.603793,1.039270,0.489513#
1478277269.91,-0.371059,-0.067598,0.048938,0.556904,1.035576,0.784843#
1478277269.93,-0.146556,-0.059403,-0.029995,0.501812,1.174444,0.911578#
1478277269.95,-0.015007,0.025410,0.107371,0.459221,1.002004,0.760406#
1478277269.97,-0.101577,0.150867,0.273731,0.436788,0.818001,0.516421#
1478277270.00,-0.460879,0.139864,0.481569,0.423091,0.634488,0.441709#
1478277270.02,-0.500012,0.125572,0.412702,0.414465,0.337798,0.667959#
1478277270.04,-0.506425,0.127311,0.412124,0.413412,0.057134,0.547744#
1478277270.06,-0.557027,0.272558,0.239816,0.421045,-0.254502,0.118354#
1478277270.08,-0.504472,0.313391,0.148971,0.432320,-0.409729,-0.075200#
1478277270.10,-0.248507,0.426348,0.260398,0.436259,-0.559738,-0.355871#
1478277270.12,-0.162973,0.380131,0.626049,0.465037,-1.269680,-0.465704#
1478277270.14,-0.348448,0.246490,0.722159,0.550252,-2.199947,0.294741#
1478277270.17,-0.380277,0.252236,0.448666,0.711124,-2.974403,0.394495#
1478277270.19,0.340364,0.827216,-0.330188,1.020667,-3.225711,-0.106850#
1478277270.21,0.361461,0.824707,-0.387681,1.387286,-2.663547,-0.571566#
1478277270.23,0.569505,0.511730,-0.531681,1.705965,-2.493520,1.575035#
1478277270.25,0.350578,0.205304,-0.308154,1.943778,-2.184004,2.219832#
1478277270.27,-0.062340,0.228411,-0.388479,2.092228,-2.025409,-1.079631#
1478277270.29,-0.307228,0.271965,0.094959,2.202321,-2.295675,-1.121980#
1478277270.31,-0.184062,0.279556,-0.391646,2.301627,-2.248027,-0.766018#
1478277270.33,-0.195452,0.187096,-0.806064,2.380322,-1.993133,-2.028488#
1478277270.36,-0.106602,0.026343,-0.635072,2.456570,-1.992638,-2.373500#
1478277270.38,0.010170,-0.195483,-0.596798,2.528052,-1.813681,-2.331318#
1478277270.40,0.142239,-0.380964,-0.611869,2.591712,-1.623916,-2.556221#
1478277270.42,0.167218,-0.444300,-0.569545,2.641713,-0.890533,-2.077156#
1478277270.44,0.072743,-0.564518,-0.480240,2.670384,-0.087979,-1.243853#
1478277270.46,0.010381,-0.530233,-0.552603,2.682278,0.520677,-0.575848#
1478277270.48,0.011777,-0.538292,-0.535868,2.685419,0.959319,-0.549850#
1478277270.50,0.058272,-0.617918,-0.547343,2.679457,1.435999,-0.692431#
1478277270.53,0.094978,-0.559638,-0.340215,2.653658,2.069191,-0.386344#
1478277270.55,0.155002,-0.281275,0.075108,2.592253,2.522535,0.812636#
1478277270.57,0.106526,0.457592,0.793664,2.481466,1.828977,1.499564#
1478277270.59,-0.451450,1.436632,1.540580,2.415707,-0.337210,-0.483963#
1478277270.61,-0.556400,1.429695,1.218932,2.465127,-1.062846,-2.507594#
1478277270.63,0.008531,-0.059847,0.407375,2.540696,-0.383116,-0.544716#
1478277270.65,0.030229,-0.060204,0.398050,2.616703,-0.435497,0.336636#
1478277270.67,0.097878,-0.720307,-0.074477,2.640422,0.415693,0.241441#
1478277270.70,-0.116660,0.038240,-0.719227,2.577399,1.855183,1.590256#
1478277270.72,-0.020661,1.351094,-0.662403,2.471716,1.826769,2.529830#
1478277270.74,-0.184047,1.395825,0.712630,2.500761,-1.211292,-0.839306#
1478277270.76,0.109010,-0.515296,-0.633661,2.585142,0.343815,-0.751258#
1478277270.78,0.594944,-1.164915,-0.389417,2.556219,1.537959,1.081647#
1478277270.80,0.706581,-0.914125,-0.203218,2.407119,1.990124,2.489732#
1478277270.82,0.383262,-0.199266,-0.540334,2.142477,1.747577,3.647071#
1478277270.84,-0.241638,0.905133,-1.186204,1.918947,1.324051,-0.256006#
1478277270.87,-0.636275,1.168248,-0.824953,1.675060,2.395387,-1.745804#
1478277270.89,-0.157516,-0.293115,0.026594,1.445097,1.344000,0.163917#
1478277270.91,0.010480,-0.370640,-0.206803,1.284282,1.095737,-0.221520#
1478277270.93,0.002876,-0.369235,-0.183773,1.127921,1.269142,0.978257#
1478277270.95,0.087936,0.005982,-0.009530,0.967678,1.403706,1.238359#
1478277270.97,-0.070009,0.026742,0.152213,0.847823,1.146924,1.126091#
1478277270.99,-0.226807,-0.108676,0.126083,0.776924,0.904839,0.965976#
1478277271.01,-0.323862,-0.120028,0.111817,0.725675,0.806821,0.852962#
1478277271.03,-0.303488,-0.116110,0.068076,0.681598,0.841736,0.588001#
1478277271.06,-0.234649,-0.028354,-0.001037,0.640810,0.890232,0.245466#
1478277271.08,-0.293044,0.095385,0.128758,0.595419,1.041056,0.390594#
1478277271.10,-0.204456,0.022145,0.383197,0.539636,1.214914,0.499650#
1478277271.12,-0.213947,0.028436,0.403081,0.495494,0.844098,0.097552#
1478277271.14,-0.554073,0.151654,0.339442,0.500379,0.033025,-0.238329#
1478277271.16,-0.699514,0.312646,-0.005803,0.519464,-0.156342,-0.319815#
1478277271.18,-0.623740,0.500176,0.166878,0.518046,-0.160810,-0.073885#
1478277271.20,-0.164621,0.364580,0.581367,0.515278,-0.762240,0.284439#
1478277271.23,-0.067144,0.270406,0.741295,0.569038,-1.829329,0.461926#
1478277271.25,-0.299721,0.324126,0.581714,0.703146,-2.701705,0.404862#
1478277271.27,-0.007149,0.851280,-0.017023,0.944252,-3.130164,0.277165#
1478277271.29,0.020552,0.845767,-0.078008,1.264203,-2.805626,0.027814#
1478277271.31,0.543039,0.583028,-0.249735,1.597460,-2.609000,1.102539#
1478277271.33,0.598097,0.346527,-0.556183,1.867521,-2.468042,2.814393#
1478277271.35,0.092747,0.082671,-1.038204,2.051056,-1.982891,-0.137782#
1478277271.37,-0.377912,0.070944,0.139886,2.165482,-2.148896,-1.906089#
1478277271.40,-0.398090,0.260985,0.293411,2.268119,-2.207774,0.132651#
1478277271.42,-0.318714,0.375073,-0.511091,2.347353,-2.140994,-1.279011#
1478277271.44,-0.127175,0.208334,-0.749746,2.426601,-2.022286,-2.195071#
1478277271.46,0.104722,-0.132738,-0.668112,2.505469,-1.848688,-2.543415#
1478277271.48,0.217054,-0.364860,-0.680966,2.573275,-1.811123,-2.874598#
1478277271.50,0.193987,-0.378884,-0.652632,2.627326,-1.361051,-2.476612#
1478277271.52,0.112826,-0.534637,-0.480055,2.663297,-0.444566,-1.330416#
1478277271.54,0.020772,-0.462682,-0.481797,2.677427,0.176737,-0.554487#
1478277271.56,0.021951,-0.468232,-0.471054,2.681341,0.716752,-0.353223#
1478277271.59,-0.025730,-0.557796,-0.588572,2.681282,1.293095,-0.711778#
1478277271.61,0.073884,-0.683206,-0.436945,2.667853,2.042861,-0.646375#
1478277271.63,0.128536,-0.574319,-0.153988,2.625733,2.739604,0.194755#
1478277271.65,0.156827,-0.184875,0.253657,2.531306,2.979776,1.207301#
1478277271.67,-0.080835,0.823382,0.958975,2.397592,1.392044,0.611664#
1478277271.69,-0.802377,2.378187,1.814572,2.408478,-1.282446,-1.840066#
1478277271.71,0.096026,-0.382054,0.585053,2.521471,-1.173794,-2.122756#
1478277271.73,0.113474,-0.380844,0.571984,2.621444,-0.589306,-0.413494#
1478277271.76,0.097755,-0.929978,0.149886,2.669540,0.076809,0.243010#
1478277271.78,0.099139,0.396317,-0.820888,2.616890,1.717121,1.286359#
1478277271.80,-0.229789,2.041451,-0.489304,2.493748,1.645162,3.292345#
1478277271.82,-0.466989,1.011261,0.593154,2.543646,-1.869060,0.227815#
1478277271.84,0.325754,-0.880726,-0.900827,2.643266,0.104815,-0.267681#
1478277271.86,0.724893,-1.460269,-0.753976,2.681285,1.505737,-1.165750#
1478277271.88,0.841124,-1.029940,-0.236467,2.628903,2.417854,1.342684#
1478277271.90,-0.262493,1.143357,-0.934616,2.335661,2.314766,6.417094#
1478277271.93,-0.294209,1.144194,-0.917652,2.027662,0.712445,1.660648#
1478277271.95,-1.062876,1.377539,-1.140595,1.883699,1.754043,-2.865612#
1478277271.97,-0.246027,-0.287226,0.091935,1.683274,1.412006,0.281427#
1478277271.99,-0.137327,-0.203774,-0.240545,1.487950,1.177219,0.353227#
1478277272.01,-0.143101,-0.203503,-0.217929,1.307110,1.103635,0.138546#
1478277272.03,0.137367,-0.065607,0.011269,1.134498,1.155115,0.680684#
1478277272.05,0.051525,-0.009176,0.105887,0.988268,1.075405,0.741574#
1478277272.07,-0.142604,-0.089250,0.069820,0.896418,0.883217,0.442792#
1478277272.10,-0.302470,-0.140165,0.018393,0.827179,0.909757,0.937737#
1478277272.12,-0.368444,-0.146606,-0.079703,0.755587,1.000324,0.869591#
1478277272.14,-0.200059,-0.132530,-0.034971,0.680459,1.127082,0.502692#
1478277272.16,-0.143711,0.042402,0.159061,0.619362,1.057421,0.480613#
1478277272.18,-0.269717,0.089128,0.240132,0.572047,1.025813,0.559625#
1478277272.20,-0.281414,0.095168,0.259660,0.523023,1.085131,0.478792#
1478277272.22,-0.451417,0.108336,0.518137,0.498171,0.458979,0.446123#
1478277272.24,-0.536967,0.173186,0.160521,0.507264,0.029896,0.187232#
1478277272.26,-0.552099,0.257364,0.026029,0.516734,-0.036909,-0.154649#
1478277272.29,-0.430275,0.373368,0.098514,0.520233,-0.089484,-0.443875#
1478277272.31,-0.239139,0.460770,0.420822,0.521289,-0.368482,-0.147671#
1478277272.33,-0.266738,0.290033,0.794507,0.557132,-1.268635,0.320835#
1478277272.35,-0.606113,0.210370,0.454053,0.653546,-2.106091,0.519719#
1478277272.37,-0.584411,0.200406,0.401608,0.819954,-2.743338,0.068185#
1478277272.39,-0.235205,0.392019,0.343886,1.109759,-3.171066,-0.742900#
1478277272.41,0.502869,0.521743,-0.365994,1.445979,-2.815270,-0.771942#
1478277272.43,0.544253,0.515508,-0.334869,1.729630,-2.591219,1.638988#
1478277272.46,0.358095,0.286277,-0.556638,1.939936,-2.392576,1.322540#
1478277272.48,-0.198511,0.261664,-0.590157,2.075419,-2.220359,-2.060369#
1478277272.50,-0.460678,0.368167,0.073120,2.177252,-2.168574,-1.819493#
1478277272.52,-0.445164,0.456536,-0.109904,2.277374,-2.013266,-0.824185#
1478277272.54,-0.405761,0.283737,-0.691380,2.372779,-2.107887,-2.395550#
1478277272.56,-0.181569,0.044925,-0.662183,2.465798,-1.944373,-2.647232#
1478277272.58,0.023752,-0.226205,-0.670096,2.546783,-1.965694,-2.972752#
1478277272.60,0.154149,-0.463577,-0.627962,2.619351,-1.688768,-3.068348#
1478277272.63,0.116791,-0.531653,-0.509711,2.675378,-0.831535,-2.339261#
1478277272.65,0.112355,-0.530715,-0.509819,2.707550,-0.100528,-1.377687#
1478277272.67,-0.061757,-0.417164,-0.508671,2.720375,0.491275,-0.703487#
1478277272.69,-0.032293,-0.505863,-0.602419,2.722837,1.041840,-0.700673#
1478277272.71,0.075743,-0.633932,-0.529939,2.709992,1.754216,-0.604620#
1478277272.73,0.108901,-0.623780,-0.331025,2.668357,2.483807,-0.093345#
1478277272.75,0.187455,-0.419661,-0.035316,2.582016,2.980758,1.293135#
1478277272.77,0.193586,0.116748,0.400867,2.434834,2.550091,2.062658#
1478277272.79,-0.776935,1.998137,1.689547,2.352103,-0.622342,-0.438558#
1478277272.82,-0.780608,2.004544,1.664618,2.458559,-1.722636,-3.267114#
1478277272.84,-0.098850,0.114838,0.600066,2.566843,-0.641288,-1.095557#
1478277272.86,-0.063777,-0.578592,0.428494,2.662372,-0.721380,0.051895#
1478277272.88,-0.106074,-0.985883,-0.244379,2.681320,0.795355,0.785870#
1478277272.90,-0.152400,-0.000760,-0.922412,2.572789,2.376529,2.929765#
1478277272.92,-0.414295,1.251254,-0.024823,2.496413,0.028619,2.764423#
1478277272.94,0.054669,-0.511801,-0.620911,2.593923,-1.079797,-1.679230#
1478277272.96,0.069211,-0.515951,-0.610437,2.656462,1.079920,-1.087846#
1478277272.99,0.679679,-1.092825,-0.214436,2.630153,1.739834,-0.115466#
1478277273.01,0.886159,-0.367828,-0.166599,2.456676,2.697915,4.060917#
1478277273.03,-0.015020,0.874209,-0.575715,2.067816,1.543691,5.752935#
1478277273.05,-1.083000,1.385948,-1.450194,1.925986,0.761519,-1.208183#
1478277273.07,-0.642149,0.103543,-0.203126,1.758518,1.716588,-2.570389#
1478277273.09,-0.274896,-0.295800,0.526735,1.590622,1.171880,-0.021612#
1478277273.11,0.033115,-0.228493,-0.126153,1.439925,1.020050,0.813185#
1478277273.13,0.030430,-0.228073,-0.107458,1.295753,1.051129,0.831198#
1478277273.16,0.137688,-0.065223,-0.019185,1.159654,1.002226,0.737467#
1478277273.18,-0.127372,-0.069678,0.159070,1.060121,0.880835,0.459803#
1478277273.20,-0.319038,-0.143223,0.146439,0.993293,0.750280,0.604907#
1478277273.22,-0.429610,-0.136061,-0.014465,0.934862,0.837980,1.134925#
1478277273.24,-0.372899,-0.156696,-0.153366,0.863965,1.025649,0.864093#
1478277273.26,-0.235479,-0.114917,-0.085211,0.785988,1.178973,0.472943#
1478277273.28,-0.192096,-0.030976,0.130203,0.707913,1.297457,0.586319#
1478277273.30,-0.140825,-0.033236,0.321556,0.634437,1.321606,0.563203#
1478277273.33,-0.102694,-0.044174,0.567519,0.590363,0.842559,0.164838#
1478277273.35,-0.284268,0.006229,0.652722,0.595698,0.173932,0.209247#
1478277273.37,-0.685652,0.230469,0.011420,0.608151,0.087737,-0.088311#
1478277273.39,-0.647882,0.292201,0.216431,0.612142,-0.144846,-0.180377#
1478277273.41,-0.639918,0.288804,0.210320,0.614610,-0.461892,0.044509#
1478277273.43,-0.233213,0.356683,0.727980,0.649301,-1.297364,0.303230#
1478277273.45,-0.259386,0.298038,0.934554,0.757213,-2.467145,0.082108#
1478277273.47,-0.198964,0.303624,0.663925,0.994821,-3.425539,0.389914#
1478277273.49,-0.143391,0.781106,-0.055819,1.308586,-3.209903,0.306464#
1478277273.52,0.133327,1.258125,-0.501054,1.611203,-2.674892,0.065459#
1478277273.54,0.652734,0.794294,-0.546697,1.841140,-2.028516,2.644950#
1478277273.56,0.048889,0.168481,-0.794358,2.019946,-2.161519,2.303466#
1478277273.58,0.053633,0.176822,-0.837038,2.150788,-2.119155,-2.102852#
1478277273.60,-0.554040,0.264430,-0.394511,2.245469,-1.799097,-1.889918#
1478277273.62,-0.361754,0.145873,-0.370796,2.343274,-1.774019,-0.572241#
1478277273.64,-0.168936,0.128323,-0.805549,2.429770,-1.665819,-1.824284#
1478277273.66,0.134232,-0.045102,-0.666612,2.514712,-1.753020,-2.446586#
1478277273.69,0.263252,-0.241554,-0.533013,2.589706,-1.503746,-2.284276#
1478277273.71,0.222501,-0.376156,-0.513437,2.652650,-1.374016,-2.531149#
1478277273.73,0.131332,-0.502568,-0.462579,2.697272,-1.009543,-2.351584#
1478277273.75,-0.088551,-0.429133,-0.378998,2.720210,-0.295174,-1.168102#
1478277273.77,-0.090086,-0.430313,-0.375807,2.727793,0.233618,-0.382004#
1478277273.79,-0.101030,-0.403991,-0.475478,2.730284,0.679369,-0.324017#
1478277273.81,0.062863,-0.615227,-0.537421,2.722807,1.134733,-0.535509#
1478277273.83,0.030385,-0.646999,-0.451447,2.694421,1.816081,-0.494179#
1478277273.86,0.028387,-0.662358,-0.406345,2.631875,2.500541,0.152566#
1478277273.88,0.016159,-0.297964,0.151428,2.512934,3.058555,1.332978#
1478277273.90,-0.239454,0.520115,0.855529,2.332119,2.505219,1.374010#
1478277273.92,-0.906600,2.209620,2.085060,2.276402,-0.980380,-1.942679#
1478277273.94,-0.715412,1.721561,1.029209,2.425148,-1.562694,-2.483183#
1478277273.96,0.092040,-0.054985,0.801494,2.573911,-1.317539,-0.690805#
1478277273.98,0.349220,-0.844801,0.382887,2.676622,-0.626519,0.290944#
1478277274.00,-0.351035,1.419961,-0.271817,2.628923,0.570080,0.284861#
1478277274.03,-1.186123,1.189496,-0.976272,2.605474,-0.693639,2.000765#
1478277274.05,-1.160427,1.191986,-0.998721,2.692684,-0.682089,0.894617#
1478277274.07,0.610286,-1.185133,-0.712457,2.758421,0.428296,-1.572285#
1478277274.09,0.878231,-0.899033,-0.001212,2.739044,1.542448,-1.378900#
1478277274.11,0.845169,0.025305,-0.097993,2.552567,2.267128,5.064591#
1478277274.13,-0.044303,0.878805,-0.884379,2.266424,2.348778,4.864477#
1478277274.15,-0.596488,1.180410,-0.918207,2.100798,1.673419,-1.095352#
1478277274.17,-0.600796,0.240225,-0.371664,1.955212,1.822381,-1.567901#
1478277274.19,-0.325192,-0.228240,-0.162612,1.799075,1.441376,-0.057099#
1478277274.22,-0.322439,-0.230157,-0.133730,1.633612,1.383421,0.495211#
1478277274.24,-0.016611,-0.304054,0.069275,1.471528,1.220258,0.657659#
1478277274.26,0.114181,0.009332,0.166456,1.325428,1.096148,0.442664#
1478277274.28,-0.210521,-0.063449,0.135581,1.232893,0.732508,0.292670#
1478277274.30,-0.225292,-0.060126,0.147582,1.177907,0.606990,0.399693#
1478277274.32,-0.437372,-0.189717,-0.007727,1.120854,0.826982,1.176212#
1478277274.34,-0.324569,-0.183554,-0.074509,1.031329,1.227913,1.055673#
1478277274.36,-0.187243,-0.129475,0.085935,0.941398,1.205747,0.647461#
1478277274.39,-0.199876,-0.017158,0.072305,0.869282,1.199810,0.368750#
1478277274.41,-0.255906,0.018940,0.085005,0.798716,1.466739,0.358162#
1478277274.43,-0.304122,-0.033147,0.368740,0.727064,1.389603,0.657344#
1478277274.45,-0.463198,0.106913,0.421666,0.699913,0.578395,0.342784#
1478277274.47,-0.753800,0.270092,0.083386,0.707517,0.145206,-0.313652#
1478277274.49,-0.756707,0.271778,0.087146,0.717187,-0.137659,-0.697830#
1478277274.51,-0.712921,0.578447,0.447317,0.730678,-0.659888,-0.532515#
1478277274.53,-0.435689,0.525708,0.823081,0.772012,-1.598317,-0.089504#
1478277274.56,-0.274194,0.497710,0.988526,0.893040,-2.913910,-0.476099#
1478277274.58,-0.009827,0.499318,0.526437,1.116420,-3.176025,0.039896#
1478277274.60,0.317145,0.611591,-0.007324,1.381778,-2.905447,0.243825#
1478277274.62,0.546611,0.535745,-0.508008,1.647025,-2.544991,1.260777#
1478277274.64,0.458933,0.422526,-0.365850,1.855817,-2.364405,1.961173#
1478277274.66,0.467379,0.429411,-0.419023,2.030508,-2.384804,-0.090548#
1478277274.68,-0.150445,0.340586,-0.422292,2.140687,-1.954278,-1.901226#
1478277274.70,-0.698612,0.459181,-0.140948,2.257727,-2.373769,-0.601880#
1478277274.72,-0.324905,0.233738,-0.791979,2.362778,-1.730283,-0.923210#
1478277274.75,-0.207918,0.031978,-0.757878,2.446821,-1.729918,-2.258803#
1478277274.77,-0.039908,-0.121621,-0.609836,2.530343,-1.818973,-2.745813#
1478277274.79,0.087569,-0.261005,-0.583388,2.604783,-1.867522,-2.908069#
1478277274.81,0.084618,-0.396380,-0.617569,2.669612,-1.442166,-2.867419#
1478277274.83,0.012730,-0.600535,-0.437966,2.713924,-0.499986,-2.051557#
1478277274.85,0.009202,-0.602246,-0.432101,2.736462,0.125136,-1.307472#
1478277274.87,-0.121127,-0.544789,-0.462736,2.745284,0.613708,-0.906583#
1478277274.89,-0.051782,-0.764364,-0.560761,2.742271,1.171400,-0.885681#
1478277274.92,-0.005504,-0.772534,-0.402836,2.715125,2.026173,-0.398421#
1478277274.94,0.003276,-0.790194,-0.353200,2.644649,2.885908,0.806400#
1478277274.96,0.035828,-0.157409,0.256027,2.506040,3.478977,2.445741#
1478277274.98,-0.061238,1.013231,1.166676,2.316585,2.018277,2.165072#
1478277275.00,-0.575673,2.489481,1.787497,2.338131,-2.122274,-3.213843#
1478277275.02,-0.185020,0.157532,0.842165,2.515860,-1.765347,-2.588790#
1478277275.04,0.016667,-0.691693,0.548410,2.650124,-1.168580,-0.173414#
1478277275.06,-0.148485,-1.316043,-0.233536,2.739556,-0.624858,0.188991#
1478277275.09,0.071921,-0.168818,-0.524365,2.701691,1.320473,1.525681#
1478277275.11,-0.895277,2.392167,-0.367765,2.606100,0.526478,3.230132#
1478277275.13,-0.704296,1.414620,-0.497860,2.695497,-1.530573,0.355748#
1478277275.15,0.282579,-0.505858,-0.870480,2.803792,-0.094266,-1.611509#
1478277275.17,0.924310,-1.210090,-0.584281,2.858315,1.007370,-3.518419#
1478277275.19,0.832855,-0.949411,0.080189,2.822491,1.996398,3.020422#
1478277275.21,0.035084,0.943426,-1.076027,2.553435,2.686858,9.600668#
1478277275.23,-0.807853,1.289107,-1.832711,2.270466,2.338878,2.991416#
1478277275.26,-0.816154,1.284159,-1.777866,2.023923,2.506985,-3.693331#
1478277275.28,-0.596345,-0.335559,0.435220,1.754546,1.716430,0.277575#
1478277275.30,-0.057233,-0.398705,0.141468,1.527471,1.121720,1.172908#
1478277275.32,0.187427,-0.194133,0.247127,1.332413,1.034913,0.177041#
1478277275.34,0.249639,0.069529,0.296693,1.180034,0.936844,1.344714#
1478277275.36,0.092582,-0.094367,0.026625,1.071789,0.795249,0.500556#
1478277275.38,-0.344420,-0.203180,0.142800,1.032595,0.529031,0.863967#
1478277275.40,-0.441258,-0.230526,-0.124229,0.973849,0.913409,1.711642#
1478277275.42,-0.451959,-0.227257,-0.106570,0.877006,1.201183,1.366338#
1478277275.45,-0.304719,-0.200307,0.012264,0.785537,1.277723,1.186456#
1478277275.47,-0.202217,-0.085130,0.125326,0.704549,1.401055,1.286146#
1478277275.49,-0.190469,-0.209602,0.406277,0.629168,1.486309,1.043365#
1478277275.51,-0.293510,-0.053201,0.768487,0.595879,0.766800,0.388919#
1478277275.53,-0.721690,0.223868,0.380047,0.626278,0.053384,-0.009127#
1478277275.55,-1.012125,0.356130,-0.075608,0.647806,0.162253,-0.605934#
1478277275.57,-1.011901,0.477813,0.135791,0.647463,-0.069624,-0.817030#
1478277275.59,-0.204624,0.364603,1.025879,0.646979,-0.668588,-0.465583#
1478277275.62,-0.189248,0.355565,0.998142,0.709050,-2.086734,-0.786064#
1478277275.64,-0.130008,0.342755,1.074240,0.892119,-3.412757,-0.268727#
1478277275.66,-0.286317,1.000382,-0.244021,1.191215,-3.557463,0.349546#
1478277275.68,0.015231,0.898741,-0.821008,1.522036,-2.958678,-0.402627#
1478277275.70,0.040438,0.897861,-0.875474,1.823682,-2.360241,1.162002#
1478277275.72,0.902014,0.457340,-0.318068,2.087720,-2.217026,1.373804#
1478277275.74,0.103255,0.284209,-0.644177,2.254963,-2.124589,-1.968607#
1478277275.76,-0.408870,0.310338,-0.014940,2.381224,-2.457842,-2.692871#
1478277275.79,-0.910940,0.303218,0.199092,2.458835,-2.196342,-1.567360#
1478277275.81,-0.428152,0.301249,-0.594421,2.527315,-1.618571,-1.432844#
1478277275.83,-0.299402,0.124634,-1.015926,2.603103,-1.752864,-3.767236#
1478277275.85,0.070499,-0.316348,-0.549270,2.674745,-1.681091,-3.184697#
1478277275.87,0.044950,-0.511062,-0.660638,2.742363,-1.605564,-3.144051#
1478277275.89,0.030983,-0.504099,-0.669957,2.795737,-0.847708,-2.998120#
1478277275.91,-0.049302,-0.774830,-0.386624,2.821749,0.058719,-2.010144#
1478277275.93,-0.137570,-0.671263,-0.475040,2.824003,0.559868,-1.234191#
1478277275.95,-0.177135,-0.617872,-0.618280,2.812355,1.002553,-1.042266#
1478277275.98,-0.048890,-0.645094,-0.602659,2.783725,1.651074,-0.904079#
1478277276.00,-0.005832,-0.637398,-0.355097,2.724611,2.354161,0.142809#
1478277276.02,0.000687,-0.439115,0.010207,2.615192,2.995283,2.068986#
1478277276.04,-0.063567,1.563001,2.009271,2.465296,1.829032,2.557013#
1478277276.06,-0.075383,1.566288,2.005219,2.461038,-1.255621,-2.980117#
1478277276.08,-0.416729,2.029243,1.233370,2.572021,-1.260529,-2.090545#
1478277276.10,0.308155,-0.078487,0.711956,2.695770,-1.202936,0.215255#
1478277276.12,0.663611,-0.270322,0.132230,2.755036,-0.512546,1.265478#
1478277276.15,0.205188,1.027969,0.209290,2.738677,-1.381021,1.850556#
1478277276.17,-0.335144,-0.800284,-1.725717,2.795882,-0.670204,1.900577#
1478277276.19,-0.313844,-0.803310,-1.727886,2.831046,0.524535,0.687986#
1478277276.21,0.115814,-1.430811,-1.310073,2.810773,2.339781,-0.394095#
1478277276.23,0.201455,0.355136,-0.196753,2.627438,2.898731,3.749982#
1478277276.25,-0.002611,1.075375,-0.281132,2.337834,2.166531,6.979349#
1478277276.27,-0.831432,1.413594,-0.705943,2.149812,1.673680,1.615294#
1478277276.29,-0.487583,0.192484,-0.385063,2.033124,1.933793,-0.689466#
1478277276.32,-0.235030,-0.233096,-0.182685,1.846480,2.287171,-0.440199#
1478277276.34,-0.153442,-0.351038,0.218624,1.661592,1.359575,0.706757#
1478277276.36,-0.128651,-0.080417,-0.059740,1.521282,1.152686,0.975294#
1478277276.38,-0.129696,-0.080252,-0.036756,1.365030,1.409983,1.224925#
1478277276.40,0.003603,0.086431,0.184273,1.214768,1.172770,1.287394#
1478277276.42,-0.308082,-0.233337,0.045563,1.139547,0.561653,1.095533#
1478277276.44,-0.492797,-0.195054,-0.095060,1.111509,0.501251,0.895689#
1478277276.46,-0.506332,-0.191324,-0.082184,1.050721,1.024284,0.888657#
1478277276.49,-0.319669,-0.018858,0.054098,0.959311,1.273149,0.632736#
1478277276.51,-0.309587,0.031170,0.143051,0.885146,1.144200,0.440562#
1478277276.53,-0.366799,0.001854,0.224776,0.818835,1.229497,0.720515#
1478277276.55,-0.303284,-0.099514,0.414401,0.748169,1.269467,0.660084#
1478277276.57,-0.341046,-0.059907,0.680178,0.720181,0.434901,0.190133#
1478277276.59,-0.613417,0.118115,0.407371,0.741016,-0.084927,-0.210633#
1478277276.61,-0.905025,0.377631,-0.041019,0.761000,-0.132202,-1.106641#
1478277276.63,-0.681049,0.428142,0.361914,0.768979,-0.203947,-1.128007#
1478277276.65,-0.667462,0.423033,0.356356,0.776175,-0.812867,-0.203725#
1478277276.68,-0.196029,0.359385,0.936429,0.866451,-2.485527,-0.340581#
1478277276.70,-0.169106,0.462075,0.564053,1.068112,-3.292110,-0.089187#
1478277276.72,-0.106639,0.834490,-0.033250,1.337278,-3.158782,-0.066737#
1478277276.74,0.181139,0.765144,-0.553125,1.618077,-2.821244,-0.013715#
1478277276.76,0.493638,0.643559,-0.561306,1.871624,-2.504191,1.580540#
1478277276.78,0.734112,0.484505,-0.308893,2.083122,-2.270298,2.178174#
1478277276.80,-0.382344,0.235287,-0.425672,2.204175,-1.909064,-2.306391#
1478277276.82,-0.403513,0.246665,-0.456482,2.288336,-2.245556,-3.120952#
1478277276.85,-0.849947,0.374112,0.320754,2.377183,-1.978889,-1.002970#
1478277276.87,-0.423432,0.152781,-0.845510,2.452241,-1.422241,-1.490286#
1478277276.89,-0.099937,-0.143867,-0.690679,2.532270,-1.657852,-2.753893#
1478277276.91,0.087089,-0.386340,-0.589358,2.606964,-1.563638,-2.594615#
1478277276.93,0.085422,-0.478936,-0.591793,2.673033,-1.366599,-2.828998#
1478277276.95,0.025147,-0.534433,-0.521806,2.725626,-0.686834,-2.693684#
1478277276.97,0.021415,-0.629770,-0.381126,2.755497,0.071466,-1.894441#
1478277276.99,-0.048925,-0.608491,-0.362271,2.764084,0.580814,-0.817278#
1478277277.02,-0.110488,-0.591125,-0.509765,2.759846,0.838922,-0.494476#
1478277277.04,-0.131735,-0.594910,-0.546028,2.744249,1.282951,-0.334097#
1478277277.06,-0.083776,-0.457887,-0.067808,2.704275,1.884619,0.290671#
1478277277.08,0.071967,-0.100762,0.425463,2.621787,2.415116,1.959048#
1478277277.10,0.076618,-0.110012,0.461725,2.496260,1.910532,2.098114#
1478277277.12,-0.575479,1.709285,1.463580,2.456707,-0.735901,-2.312829#
1478277277.14,-0.609886,1.240392,1.085752,2.565372,-1.533479,-3.603919#
1478277277.16,0.036099,-0.006714,0.696153,2.680216,-1.184614,-0.620107#
1478277277.19,0.358136,-0.649497,0.114393,2.761027,-0.686912,0.352710#
1478277277.21,0.494310,-0.476038,-0.507565,2.737184,0.962491,0.981319#
1478277277.23,-0.100572,0.927475,0.019952,2.666561,0.472262,2.737313#
1478277277.25,-0.131097,0.046227,-1.092399,2.722314,-1.070641,1.699248#
1478277277.27,-0.110348,0.044670,-1.099015,2.793325,0.403068,-0.549866#
1478277277.29,0.401362,-0.984730,-0.865226,2.769257,1.400339,-0.053053#
1478277277.31,0.316019,-0.262926,-0.026657,2.625887,2.093135,3.067597#
1478277277.33,-0.054257,0.325308,-0.513679,2.392526,2.906102,7.311441#
1478277277.35,-0.535892,1.084772,-0.999508,2.109657,2.161908,3.764369#
1478277277.38,-0.897161,0.723166,-0.769966,1.968826,1.516111,-1.104125#
1478277277.40,-0.619854,-0.264832,-0.053588,1.761029,2.200832,0.043931#
1478277277.42,-0.375322,-0.322027,0.017227,1.546158,1.459197,-0.267891#
1478277277.44,0.030691,-0.071476,0.173157,1.374632,1.202455,0.881174#
1478277277.46,0.027800,-0.070679,0.193560,1.215801,1.145967,1.375290#
1478277277.48,0.112488,0.100184,0.229709,1.085018,0.993054,0.909713#
1478277277.50,-0.160770,-0.307858,0.153303,0.998642,0.894612,0.844854#
1478277277.52,-0.407849,-0.271919,-0.011075,0.937350,0.858554,1.343975#
1478277277.55,-0.424665,-0.267519,0.000973,0.883352,0.915857,1.433582#
1478277277.57,-0.409110,-0.082551,-0.105795,0.815577,1.226545,1.071157#
1478277277.59,-0.391033,-0.032227,0.120146,0.731714,1.480150,1.092743#
1478277277.61,-0.290809,-0.093880,0.273229,0.650441,1.418984,0.819121#
1478277277.63,-0.232605,-0.136676,0.538298,0.600077,1.027552,0.185089#
1478277277.65,-0.520593,0.097461,0.590277,0.604301,0.228784,0.032305#
1478277277.67,-0.883525,0.372658,0.178873,0.614129,0.185960,-0.002372#
1478277277.69,-0.535822,0.324910,0.395102,0.609828,-0.223556,-0.036197#
1478277277.72,-0.526849,0.319169,0.379016,0.643293,-1.315636,-0.419705#
1478277277.74,-0.328974,0.422288,0.570586,0.740485,-2.261185,-0.768211#
1478277277.76,-0.212288,0.687811,0.659202,0.927983,-3.311138,0.386810#
1478277277.78,0.029725,1.229852,-0.095264,1.180827,-2.954460,1.021215#
1478277277.80,0.587944,0.687662,-0.610745,1.457638,-2.402683,0.998328#
1478277277.82,0.879875,0.463932,-0.514380,1.707586,-1.900880,2.385419#
1478277277.84,0.519566,0.261809,-0.303134,1.912792,-2.074812,0.978387#
1478277277.86,-0.399234,0.378681,-1.331529,2.052835,-2.063193,-4.507434#
1478277277.88,-0.605539,0.349260,-0.077125,2.212739,-3.027517,-1.704042#
1478277277.91,-0.609881,0.361253,-0.120698,2.302930,-1.846605,-0.538847#
1478277277.93,-0.233214,0.180971,-0.788360,2.362844,-1.813091,-2.010594#
1478277277.95,-0.008991,-0.239379,-0.751296,2.427411,-1.994460,-3.305893#
1478277277.97,0.067950,-0.384494,-0.645579,2.488772,-2.009018,-3.787240#
1478277277.99,0.037817,-0.369156,-0.664882,2.544403,-1.992750,-3.930515#
1478277278.01,-0.142250,-0.588472,-0.409939,2.585078,-1.151770,-2.556478#
1478277278.03,-0.191096,-0.487871,-0.414527,2.601794,-0.332666,-1.642029#
1478277278.05,-0.206087,-0.402044,-0.551556,2.601894,0.332290,-0.911260#
1478277278.08,-0.172461,-0.466948,-0.652146,2.587942,0.949182,-0.693080#
1478277278.10,-0.062674,-0.589915,-0.573177,2.554760,1.732025,-0.227245#
1478277278.12,-0.065424,-0.656825,-0.413923,2.491231,2.622520,0.599317#
1478277278.14,-0.163310,-0.048105,0.445684,2.371636,3.413120,1.666919#
1478277278.16,-0.159432,1.152831,2.249437,2.220818,1.950270,2.084626#
1478277278.18,-0.166595,1.156375,2.241712,2.238560,-1.236486,-2.419641#
1478277278.20,0.424902,0.041030,0.710412,2.324900,-1.332024,-2.231162#
1478277278.22,0.439954,0.042119,0.686592,2.440811,-1.424119,-0.547073#
1478277278.25,0.356384,-0.985203,0.340818,2.523635,-1.152916,0.499590#
1478277278.27,-0.200731,0.593656,-0.691684,2.538815,-0.001261,2.431324#
1478277278.29,-1.374754,2.391329,-1.372935,2.482622,0.784882,3.759222#
1478277278.31,-1.348539,2.387947,-1.381992,2.523252,-0.280532,0.395750#
1478277278.33,-0.158460,-0.889238,-0.574705,2.585972,0.349155,0.195377#
1478277278.35,0.538247,-1.231262,-0.450026,2.588099,1.309213,-0.575395#
1478277278.37,0.916851,-0.521438,-0.073572,2.449185,1.913642,3.846697#
1478277278.39,0.325704,0.621773,-0.507856,2.231371,1.850036,5.333514#
1478277278.42,-0.366757,1.324564,-1.221404,2.056248,2.576933,-1.268550#
1478277278.44,-0.637143,0.584838,-0.490703,1.875130,2.361335,-2.397547#
1478277278.46,-0.347896,-0.258115,-0.115847,1.732255,1.493232,0.170291#
1478277278.48,-0.115430,-0.300693,0.037631,1.601225,1.359773,0.659063#
1478277278.50,-0.118008,-0.300707,0.061341,1.469916,1.323481,0.949938#
1478277278.52,0.042002,-0.118207,0.156993,1.348505,1.179201,0.928206#
1478277278.54,-0.255286,-0.079329,0.066283,1.256176,0.964675,0.766710#
1478277278.56,-0.603066,-0.156316,-0.160581,1.190337,0.901320,0.949870#
1478277278.58,-0.663900,-0.212707,-0.191256,1.107325,1.300678,1.430075#
1478277278.61,-0.400063,-0.212093,0.014673,1.007555,1.438213,1.075425#
1478277278.63,-0.281803,-0.150040,0.148897,0.926591,1.281837,0.571875#
1478277278.65,-0.317803,0.101862,0.266062,0.858486,1.329767,0.606923#
1478277278.67,-0.328696,0.108701,0.289250,0.786747,1.465465,0.903475#
1478277278.69,-0.291209,0.007649,0.466052,0.731723,0.991093,0.281522#
1478277278.71,-0.777373,0.164504,0.253184,0.734359,0.041282,-0.473218#
1478277278.73,-0.982494,0.294465,0.035141,0.752651,0.014640,-0.654978#
1478277278.75,-0.936047,0.540005,0.307658,0.755543,-0.060263,-0.508925#
1478277278.78,-0.540953,0.537834,0.795250,0.756325,-0.666801,-0.327486#
1478277278.80,-0.623829,0.528121,0.858408,0.825440,-2.206718,-0.065891#
1478277278.82,-0.373976,0.546951,0.241325,0.946764,-2.512997,0.450898#
1478277278.84,0.117617,0.738894,-0.191946,1.087937,-2.291935,0.974151#
1478277278.86,0.544720,0.633367,-0.542555,1.265530,-2.213268,0.073623#
1478277278.88,0.865076,0.351403,-0.478246,1.464204,-2.209733,-0.984632#
1478277278.90,-0.379103,0.580838,0.312417,1.671006,-2.583882,-0.194358#
1478277278.92,-0.614256,0.547640,-0.679280,1.857585,-2.527112,0.760557#
1478277278.95,-0.612498,0.554256,-0.719286,1.994667,-1.926156,-1.464494#
1478277278.97,-0.272911,0.249455,-0.439637,2.102984,-1.767513,-2.486693#
1478277278.99,-0.307015,0.262539,-0.284008,2.193205,-1.874828,-2.160765#
1478277279.01,-0.208114,0.098878,-0.400714,2.297141,-2.040857,-1.849970#
1478277279.03,0.007945,-0.185736,-0.659929,2.400928,-2.137910,-3.430750#
1478277279.05,0.001628,-0.362821,-0.550835,2.492847,-1.893823,-3.188612#
1478277279.07,-0.076549,-0.520977,-0.532587,2.569663,-1.544133,-2.662007#
1478277279.09,-0.084804,-0.640634,-0.543422,2.621927,-0.845651,-1.668986#
1478277279.11,-0.089042,-0.638241,-0.546294,2.652229,-0.443135,-1.388476#
1478277279.14,-0.194740,-0.580521,-0.629574,2.669447,-0.006242,-1.492554#
1478277279.16,-0.205616,-0.698307,-0.452210,2.675978,0.456324,-1.436070#
1478277279.18,-0.130441,-0.707871,-0.285113,2.662893,1.077977,-0.460579#
1478277279.20,-0.102308,-0.467484,-0.105510,2.615880,1.847376,1.032208#
1478277279.22,-0.165332,-0.036996,0.265953,2.527536,2.243044,1.727757#
1478277279.24,-0.215521,0.615908,0.994702,2.441568,1.012947,-0.245436#
1478277279.26,-0.180169,1.675710,2.058022,2.472404,-1.747075,-3.011457#
1478277279.28,-0.122294,0.071014,0.649856,2.568367,-1.401491,-0.012660#
1478277279.31,-0.105318,0.073272,0.623972,2.650267,-1.083153,0.020269#
1478277279.33,0.112346,-0.863897,-0.159466,2.699295,-0.561706,-0.975802#
1478277279.35,0.478847,0.810972,-0.225014,2.684551,1.189337,1.090044#
1478277279.37,-0.680533,3.152072,-0.264281,2.608641,0.085430,3.413831#
1478277279.39,-0.656653,3.157782,-0.302890,2.693321,-1.710574,0.814376#
1478277279.41,0.649042,-1.614724,-1.234386,2.766517,0.326964,0.552486#
1478277279.43,0.977757,-1.639323,-0.567988,2.737332,1.893336,0.676179#
1478277279.45,0.365710,-0.512809,-0.466365,2.555157,3.518341,5.127280#
1478277279.48,-0.577166,0.785565,-1.148572,2.267080,3.183619,6.977534#
1478277279.50,-0.941321,2.255083,-1.173915,2.084246,1.684341,0.854731#
1478277279.52,-1.143737,1.235792,-0.152680,1.995663,1.791523,-1.327901#
1478277279.54,-0.220752,-0.431379,-0.093956,1.886117,1.930638,0.248672#
1478277279.56,0.029079,-0.445694,0.101162,1.743355,1.583792,0.085185#
1478277279.58,0.027645,-0.446845,0.129183,1.613203,1.292999,0.031286#
1478277279.60,-0.061413,0.055641,0.443977,1.475704,1.459465,1.454097#
1478277279.62,-0.080027,-0.131065,0.183175,1.343404,1.165093,2.920505#
1478277279.65,-0.231430,-0.412786,-0.288013,1.259281,0.749674,2.275761#
1478277279.67,-0.303172,-0.480084,-0.559859,1.173419,1.116489,0.202360#
1478277279.69,-0.309098,-0.160027,-0.163236,1.073997,1.299914,-0.460242#
1478277279.71,-0.374502,0.100518,0.272859,0.982166,1.293039,0.236758#
1478277279.73,-0.413497,0.252251,0.371336,0.913640,0.890817,0.418016#
1478277279.75,-0.417579,0.254413,0.380782,0.868380,0.673755,1.088828#
1478277279.77,-0.345740,0.426945,0.167536,0.813417,0.820521,0.572796#
1478277279.79,-0.490995,0.236996,0.862917,0.775988,0.354543,0.720127#
1478277279.81,-0.405733,0.187862,0.610210,0.776857,-0.264450,2.243977#
1478277279.84,-0.242385,0.038235,0.379408,0.799000,-0.590547,1.549844#
1478277279.86,-0.432887,-0.153865,0.410181,0.871488,-1.257739,0.512008#
1478277279.88,-0.670575,-0.024146,0.347432,1.005953,-2.137462,0.199107#
1478277279.90,-0.875808,0.826549,0.035274,1.202899,-2.708297,-0.046217#
1478277279.92,-0.589242,0.996844,-0.361752,1.397483,-2.142059,-0.225781#
1478277279.94,0.117391,0.514484,-0.258076,1.581382,-1.995844,-0.373068#
1478277279.96,0.554978,0.426426,-0.239235,1.792838,-2.587910,-1.036830#
1478277279.98,0.355545,0.520636,-0.224980,1.982092,-3.051302,-1.250603#
1478277280.01,-0.216718,0.475519,-0.382431,2.090698,-2.491507,-0.713178#
1478277280.03,-0.229351,0.488033,-0.414598,2.139853,-1.411230,-0.856362#
1478277280.05,-0.298595,0.288851,-0.250685,2.174971,-0.979244,-1.166717#
1478277280.07,-0.318369,0.356656,0.012981,2.228233,-1.404645,-1.147336#
1478277280.09,-0.106356,0.112009,-0.357673,2.304615,-1.528445,-0.880988#
1478277280.11,0.061931,-0.237579,-0.619411,2.372495,-1.349602,-1.340598#
1478277280.13,-0.036656,-0.608069,-0.727781,2.421920,-1.521091,-2.489253#
1478277280.15,-0.205546,-0.677730,-0.611804,2.456498,-1.279757,-2.444069#
1478277280.18,-0.338030,-0.572968,-0.500517,2.475948,-0.725257,-1.754765#
1478277280.20,-0.352207,-0.567679,-0.501568,2.487813,-0.461178,-1.417049#
1478277280.22,-0.326519,-0.384750,-0.568769,2.492481,-0.006557,-1.454524#
1478277280.24,-0.191597,-0.381113,-0.533095,2.488704,0.554055,-1.274289#
1478277280.26,-0.193833,-0.392700,-0.401037,2.474283,1.111874,-0.757832#
1478277280.28,-0.242888,-0.346823,-0.300798,2.447854,1.625082,-0.213406#
1478277280.30,-0.206581,-0.198443,-0.136546,2.406189,2.052366,0.443270#
1478277280.32,-0.073905,0.116234,0.222649,2.347802,2.029067,1.032524#
1478277280.35,-0.002917,0.578756,0.974540,2.302541,0.781375,0.978551#
1478277280.37,-0.105725,1.314098,1.803659,2.331719,-1.263904,-0.194019#
1478277280.39,-0.341851,1.536903,0.715872,2.395009,-1.170751,-0.793322#
1478277280.41,0.074177,0.179502,0.419835,2.463925,-1.044355,-1.062110#
1478277280.43,-0.029835,-1.291764,-0.247760,2.509193,-0.273215,-0.959249#
1478277280.45,-0.001364,-0.861723,-0.557523,2.495269,0.969947,-0.285287#
1478277280.47,-0.007250,-0.869683,-0.523669,2.389978,2.588717,2.025465#
1478277280.49,-0.384509,2.352367,-0.911676,2.240553,2.120817,4.917735#
1478277280.51,-0.828756,1.039669,0.930242,2.240274,-1.130721,1.709949#
1478277280.54,-0.092072,-0.165627,-0.107099,2.380728,-1.072052,-1.002006#
1478277280.56,0.350495,-1.377144,-1.012457,2.367998,2.396649,2.351225#
1478277280.58,0.485261,-1.275113,-0.448545,2.232536,2.762636,3.923440#
1478277280.60,0.599245,-0.661562,-0.317039,2.014860,1.980803,4.381617#
1478277280.62,-1.299097,1.719967,-1.359675,1.806910,0.579660,1.670731#
1478277280.64,-1.340961,0.537573,-0.351874,1.693917,1.720923,-2.772309#
1478277280.66,-1.340985,0.531770,-0.295216,1.541633,2.039161,-0.858502#
1478277280.68,-0.243922,-0.288002,0.037106,1.429039,1.387762,0.628771#
1478277280.71,-0.039966,-0.215884,-0.120049,1.306351,1.486083,1.170123#
1478277280.73,0.018295,-0.046260,-0.024209,1.202780,1.097158,2.045832#
1478277280.75,-0.063456,-0.007426,-0.125533,1.109493,1.133310,2.005629#
1478277280.77,-0.141953,-0.099941,-0.074093,1.023500,1.066188,0.680814#
1478277280.79,-0.253369,-0.161741,0.073849,0.948923,0.994309,-0.144373#
1478277280.81,-0.438989,-0.031864,0.033218,0.894081,0.837214,0.271554#
1478277280.83,-0.453091,-0.026520,0.046125,0.847745,0.872885,0.873126#
1478277280.85,-0.375321,0.060782,-0.063123,0.795535,1.028910,0.934744#
1478277280.88,-0.333090,0.066935,0.199387,0.732977,1.268171,0.677783#
1478277280.90,-0.375083,0.028174,0.469787,0.667685,1.230696,0.473913#
1478277280.92,-0.523024,0.134436,0.537340,0.643692,0.212336,-0.262912#
1478277280.94,-0.788027,0.243862,0.173778,0.674736,-0.571485,-0.512903#
1478277280.96,-0.938710,0.501541,-0.076075,0.708453,-0.431386,-0.347029#
1478277280.98,-0.673409,0.602777,0.194332,0.711787,-0.234463,0.025563#
1478277281.00,-0.200145,0.409249,0.752410,0.750935,-1.563733,-0.299027#
1478277281.02,-0.361909,0.223697,0.667023,0.888436,-2.818986,-0.254659#
1478277281.04,-0.688811,0.375746,0.289727,1.084389,-3.132390,-0.274201#
1478277281.07,0.172077,0.722947,-0.144741,1.318932,-3.227399,-1.279920#
1478277281.09,0.407110,0.783275,-0.250054,1.544621,-2.791234,-0.759944#
1478277281.11,0.426429,0.786527,-0.309592,1.739901,-2.597724,2.295366#
1478277281.13,0.315683,0.337402,-1.056368,1.897335,-2.004296,1.870679#
1478277281.15,-0.184940,0.203602,-1.093969,2.010085,-1.991128,-2.943787#
1478277281.17,-0.411707,0.056171,0.080830,2.137283,-3.013660,-2.849242#
1478277281.19,-0.521618,0.423318,-0.204533,2.223787,-2.437340,-1.685653#
1478277281.21,-0.535390,0.388932,-0.669836,2.291519,-2.330848,-2.328545#
1478277281.24,-0.329539,0.114237,-0.801025,2.357586,-2.214721,-2.721124#
1478277281.26,-0.041661,-0.426593,-0.752147,2.420295,-2.138737,-3.281305#
1478277281.28,-0.064107,-0.411822,-0.765568,2.477187,-1.696984,-3.135867#
1478277281.30,-0.084965,-0.567279,-0.648337,2.518118,-0.835858,-1.961920#
1478277281.32,-0.139118,-0.572741,-0.450352,2.533231,-0.037331,-0.781234#
1478277281.34,-0.220073,-0.413672,-0.573563,2.531686,0.611472,-0.445752#
1478277281.36,-0.250732,-0.456654,-0.596215,2.524852,1.139701,-0.519572#
1478277281.38,-0.176827,-0.580458,-0.450282,2.510605,1.672376,-0.281371#
1478277281.41,-0.131429,-0.562072,-0.197452,2.476555,2.219312,0.722767#
1478277281.43,-0.025810,-0.283838,0.270398,2.409513,2.436270,2.320616#
1478277281.45,-0.287088,1.506547,1.267181,2.327513,1.476929,2.029897#
1478277281.47,-0.297694,1.508139,1.272609,2.309417,-0.666949,-2.391170#
1478277281.49,-0.506598,1.512737,1.175701,2.368869,-0.903677,-2.306280#
1478277281.51,-0.050623,-0.330517,0.389514,2.437134,-0.589158,-0.427659#
1478277281.53,-0.087338,-0.768131,-0.187019,2.489757,-0.424573,-0.205568#
1478277281.55,-0.080806,-0.772393,-0.179357,2.475629,1.197854,1.337565#
1478277281.58,-0.234094,1.373768,-0.574656,2.394115,1.745851,4.132881#
1478277281.60,-0.331220,1.218396,-0.195996,2.387525,-0.999511,2.124297#
1478277281.62,0.070097,-0.493821,-0.816386,2.456693,-0.068713,-0.421805#
1478277281.64,0.444000,-1.444822,-0.934495,2.442204,2.145443,-0.198476#
1478277281.66,0.684377,-1.061175,-0.159134,2.308859,2.755999,2.218092#
1478277281.68,0.150734,-0.046619,-0.211667,2.058232,2.917285,6.884168#
1478277281.70,-1.262112,1.414071,-1.377391,1.857508,0.959152,2.596022#
1478277281.72,-0.812159,0.342310,-0.211596,1.765305,1.684611,-2.939338#
1478277281.74,-0.814263,0.336551,-0.160807,1.639426,1.764351,-1.231119#
1478277281.77,-0.230695,-0.194145,0.100160,1.525615,1.538779,0.458094#
1478277281.79,-0.116884,-0.169930,-0.055208,1.406905,1.464368,1.193594#
1478277281.81,0.073829,-0.064755,0.040170,1.295845,1.265537,1.780683#
1478277281.83,0.032199,-0.055240,0.019011,1.185896,1.278122,2.141671#
1478277281.85,-0.170872,-0.134038,-0.063649,1.098148,0.897975,1.412264#
1478277281.87,-0.376871,-0.232116,-0.162051,1.038016,0.821691,1.012990#
1478277281.89,-0.477424,-0.063292,-0.141374,0.969799,1.077129,0.902847#
1478277281.91,-0.487346,-0.059256,-0.120438,0.891035,1.229290,0.259603#
1478277281.94,-0.340931,0.151745,0.059883,0.807322,1.420614,0.483127#
1478277281.96,-0.504004,-0.059632,0.562617,0.720861,1.406061,1.526889#
1478277281.98,-0.602170,0.112694,0.454528,0.673195,0.570244,0.833284#
1478277282.00,-0.609605,0.116061,0.460768,0.666649,0.141613,-0.546026#
1478277282.02,-0.708621,0.382378,0.258657,0.677683,-0.260725,-0.352221#
1478277282.04,-0.615560,0.548809,0.220789,0.700792,-0.497658,-0.281894#
1478277282.06,-0.365712,0.371896,0.621853,0.741054,-1.214003,-0.029733#
1478277282.08,-0.322045,0.252040,0.674808,0.848707,-2.231401,0.337561#
1478277282.11,-0.357352,0.126899,0.460795,1.033799,-3.075524,0.402247#
1478277282.13,-0.319769,0.332543,0.194262,1.307202,-3.724394,-0.675406#
1478277282.15,0.140614,0.909963,-0.537740,1.568559,-3.121089,-1.166149#
1478277282.17,0.488901,0.651901,-0.322534,1.751993,-2.375585,1.321424#
1478277282.19,0.519500,0.658708,-0.383872,1.902118,-2.176713,3.250009#
1478277282.21,-0.075452,0.255886,-1.140851,2.000791,-1.957515,-1.691613#
1478277282.23,-0.404973,0.137366,0.053363,2.084446,-2.958512,-3.349280#
1478277282.25,-0.576426,0.355794,-0.122431,2.143866,-2.137916,-1.726906#
1478277282.27,-0.514781,0.286927,-0.463662,2.190956,-1.830720,-1.330982#
1478277282.30,-0.442622,0.187501,-0.879510,2.252425,-2.130677,-2.940846#
1478277282.32,-0.238054,-0.043709,-0.811258,2.317751,-2.223422,-3.403217#
1478277282.34,-0.155003,-0.363082,-0.781505,2.383893,-2.105790,-3.611115#
1478277282.36,-0.177511,-0.351397,-0.786820,2.439364,-1.305901,-3.201658#
1478277282.38,-0.182532,-0.535568,-0.557281,2.469228,-0.247789,-1.751044#
1478277282.40,-0.272829,-0.403927,-0.536128,2.476525,0.391676,-0.729711#
1478277282.42,-0.281913,-0.416073,-0.661321,2.476352,0.777360,-0.672130#
1478277282.44,-0.194819,-0.514957,-0.644502,2.470821,1.249638,-0.877322#
1478277282.47,-0.104027,-0.610342,-0.382062,2.450674,1.908670,-0.421201#
1478277282.49,0.008182,-0.514559,-0.004335,2.403315,2.527221,1.190398#
1478277282.51,0.088555,-0.100506,0.445569,2.318863,2.605998,2.516384#
1478277282.53,-0.470553,2.256441,1.643057,2.248921,0.423095,0.414486#
1478277282.55,-0.485609,2.263207,1.637196,2.283983,-1.330410,-2.876789#
1478277282.57,-0.466586,1.196511,0.955247,2.360139,-1.258378,-1.025851#
1478277282.59,0.108510,-0.982198,0.011563,2.431928,-1.080166,-0.354694#
1478277282.61,-0.053406,-0.680453,-0.431511,2.452013,0.197388,0.137222#
1478277282.64,-0.052869,-0.685452,-0.417387,2.390788,1.652958,2.667986#
1478277282.66,-0.872557,2.106510,-0.429994,2.342856,0.302915,4.268731#
1478277282.68,-0.264603,0.302770,-0.743397,2.410719,-1.088014,0.580186#
1478277282.70,0.314684,-1.225033,-1.168623,2.450848,1.129419,-1.110238#
1478277282.72,0.709255,-1.273124,-0.400505,2.402157,2.198880,-0.616692#
1478277282.74,0.709966,-0.450216,0.261892,2.247242,2.729791,5.152856#
1478277282.76,-0.166141,0.543677,-0.725362,2.038534,2.324764,6.373929#
1478277282.78,-1.027747,0.971267,-1.092039,1.918251,0.962534,-0.045904#
1478277282.81,-0.572509,-0.019041,0.058642,1.829574,1.992425,-2.423997#
1478277282.83,-0.573993,-0.025831,0.105068,1.712341,1.855588,-0.453382#
1478277282.85,-0.304364,-0.033514,-0.141015,1.599405,1.620654,0.424674#
1478277282.87,-0.064866,-0.092201,-0.051461,1.474989,1.671344,0.890071#
1478277282.89,0.092648,-0.103187,0.120969,1.357160,1.353496,1.226164#
1478277282.91,0.067572,-0.123406,0.124898,1.260396,1.024669,1.318982#
1478277282.93,-0.245443,-0.151012,-0.017192,1.190111,0.749466,1.277403#
1478277282.95,-0.486807,-0.162397,-0.203862,1.125858,0.978804,1.346174#
1478277282.97,-0.442433,-0.089105,-0.133663,1.045531,1.178378,1.366327#
1478277283.00,-0.450177,-0.086207,-0.115224,0.960459,1.296230,0.855962#
1478277283.02,-0.319501,-0.006409,0.033274,0.876738,1.288652,0.678159#
1478277283.04,-0.346360,0.036491,0.387865,0.799637,1.275464,0.928810#
1478277283.06,-0.409508,-0.003943,0.534363,0.739533,0.836193,0.768971#
1478277283.08,-0.626816,0.055066,0.258995,0.733572,-0.047460,0.014553#
1478277283.10,-0.811175,0.167973,-0.056814,0.748625,-0.081059,-0.488494#
1478277283.12,-0.846700,0.345175,-0.013481,0.751312,-0.004670,-0.323615#
1478277283.14,-0.525033,0.371312,0.293649,0.752778,-0.293421,0.273691#
1478277283.17,-0.231762,0.396487,0.521978,0.793641,-1.199229,0.152896#
1478277283.19,-0.315817,0.454884,0.469821,0.895807,-2.041403,0.068152#
1478277283.21,-0.481066,0.441473,0.369615,1.060615,-2.705884,0.295445#
1478277283.23,0.237267,0.764402,-0.241657,1.289581,-3.164473,-0.101396#
1478277283.25,0.438987,0.589479,-0.608071,1.518831,-2.737068,0.009061#
1478277283.27,0.461600,0.592792,-0.661809,1.698080,-2.291333,1.823954#
1478277283.29,0.247602,0.317658,-0.408606,1.842224,-2.529021,2.466321#
1478277283.31,-0.400538,0.277491,-0.944431,1.934038,-2.190432,-1.275435#
1478277283.34,-0.762854,0.334247,-0.218028,2.005935,-2.320009,-2.851860#
1478277283.36,-0.675127,0.457663,-0.161753,2.079123,-2.175225,-1.918168#
1478277283.38,-0.545411,0.365116,-0.540094,2.152215,-1.874371,-1.952211#
1478277283.40,-0.342731,0.185563,-0.796168,2.234142,-2.216907,-2.972110#
1478277283.42,0.041916,-0.194761,-0.588042,2.307457,-2.144702,-2.744457#
1478277283.44,0.027014,-0.178616,-0.609567,2.373683,-2.014317,-2.867453#
1478277283.46,0.035090,-0.273175,-0.612234,2.427759,-1.567191,-2.867626#
1478277283.48,-0.045242,-0.396799,-0.437891,2.465160,-1.056248,-1.882983#
1478277283.51,-0.165543,-0.323279,-0.575341,2.485075,-0.694059,-0.968201#
1478277283.53,-0.265161,-0.326066,-0.618505,2.497150,-0.522424,-0.914652#
1478277283.55,-0.233246,-0.354284,-0.523836,2.504302,-0.098798,-0.756293#
1478277283.57,-0.220862,-0.359403,-0.393572,2.502773,0.495998,-0.189885#
1478277283.59,-0.241320,-0.387421,-0.317955,2.488033,1.247259,0.333383#
1478277283.61,-0.327795,-0.212692,0.046740,2.455655,1.985004,0.661820#
1478277283.63,-0.320365,-0.233173,0.081880,2.408032,2.193161,0.358074#
1478277283.65,-0.323289,-0.007996,0.304193,2.354449,1.750277,-0.563718#
1478277283.67,-0.670797,0.926650,1.273532,2.325432,0.424404,-1.317890#
1478277283.70,-0.560135,1.229119,0.913564,2.350500,-0.783234,-0.877995#
1478277283.72,-0.555995,1.233861,0.897819,2.404662,-1.397107,-0.954820#
1478277283.74,0.190159,-0.472895,0.245997,2.471077,-1.358584,-0.947729#
1478277283.76,0.114426,-1.210329,0.231404,2.519960,-0.968381,-0.632599#
1478277283.78,0.514865,-0.322254,-0.628252,2.512002,0.623687,0.413844#
1478277283.80,0.070270,2.236592,-0.387145,2.471766,-1.088428,0.987879#
1478277283.82,-1.029094,2.041577,-0.038814,2.538820,-1.999971,-0.781458#
1478277283.84,-0.761376,-0.213416,-0.684582,2.593770,-0.092105,0.967867#
1478277283.87,0.066207,-0.280304,-0.938966,2.608893,0.402945,1.710330#
1478277283.89,0.341193,0.115600,-0.699360,2.588075,1.112754,1.257420#
1478277283.91,0.340341,0.103719,-0.675593,2.530639,1.850999,1.213800#
1478277283.93,-0.279837,0.512416,-0.475088,2.467978,2.016145,1.897587#
1478277283.95,-0.338377,0.443134,-0.490649,2.406257,2.004430,1.851647#
1478277283.97,-0.382872,0.182465,-0.377463,2.345853,1.680592,0.924675#
1478277283.99,-0.525751,-0.023953,-0.264088,2.278130,1.514985,0.591560#
1478277284.01,-0.650253,-0.056131,-0.282743,2.205153,1.587740,0.723777#
1478277284.04,-0.509051,0.058395,-0.223445,2.123882,1.538427,0.972413#
1478277284.06,-0.383319,0.042898,-0.357871,2.061015,1.254953,0.724140#
1478277284.08,-0.381971,0.035288,-0.327826,1.997683,1.635656,-0.704476#
1478277284.10,0.008421,0.072148,0.173352,1.917349,1.451006,-0.069300#
1478277284.12,-0.048103,0.009201,0.230837,1.841592,1.153315,0.859728#
1478277284.14,-0.128650,-0.219558,0.038547,1.777505,0.874726,0.774836#
1478277284.16,-0.162319,0.040780,0.058968,1.729672,0.385053,0.345707#
1478277284.18,-0.312270,0.231744,-0.071269,1.704942,0.147804,-0.071859#
1478277284.20,-0.523248,0.158340,-0.178322,1.697154,-0.102982,0.100575#
1478277284.23,-0.599682,-0.106115,-0.355489,1.703646,-0.121016,0.123862#
1478277284.25,-0.297134,0.004869,-0.282996,1.715734,-0.197938,-0.139909#
1478277284.27,-0.198595,0.071153,-0.243414,1.721471,-0.046549,-0.380116#
1478277284.29,-0.168399,0.064553,-0.168342,1.719185,0.033957,-0.116678#
1478277284.31,-0.145820,0.048228,-0.300661,1.712370,0.114883,0.048178#
1478277284.33,-0.258399,0.111805,-0.257791,1.696027,0.201536,0.022143#
1478277284.35,-0.261398,0.112350,-0.255035,1.682399,0.102638,0.092804#
1478277284.37,-0.482493,0.145211,-0.404864,1.677544,0.041037,0.166338#
1478277284.40,-0.318179,-0.030935,-0.367047,1.671508,0.204375,-0.043958#
1478277284.42,-0.213409,-0.094292,-0.278002,1.652652,0.362107,-0.110697#
1478277284.44,-0.192995,-0.034349,-0.234474,1.630109,0.316830,0.054959#
1478277284.46,-0.151817,-0.090798,-0.273271,1.605145,0.404924,-0.273277#
1478277284.48,-0.157910,-0.261778,-0.125259,1.569931,0.574973,-0.383612#
1478277284.50,-0.233651,-0.120971,-0.056242,1.527284,0.600526,-0.209273#
1478277284.52,-0.238079,-0.120518,-0.043046,1.489882,0.429530,-0.648392#
1478277284.54,-0.276513,0.019976,-0.139263,1.448403,0.722299,-1.545454#
1478277284.57,-0.214732,0.668682,-0.111327,1.394182,0.805382,-1.567093#
1478277284.59,-0.478631,0.357032,0.200713,1.354836,0.297104,-0.029069#
1478277284.61,-0.202449,-0.167744,-0.669529,1.345837,0.324662,-0.522907#
1478277284.63,-0.070315,0.062483,0.108809,1.270077,0.955146,-0.450581#
1478277284.65,0.031375,0.077145,0.161757,1.318959,-1.763782,3.621389#
1478277284.67,-0.178125,-0.044129,-0.116267,1.385359,-0.139706,2.254661#
1478277284.69,-0.375743,0.129933,0.105860,1.325539,1.053904,0.277358#
1478277284.71,-0.370217,0.128078,0.124565,1.249338,0.970187,0.477141#
1478277284.74,-0.245917,-0.060769,-0.103164,1.171112,0.994654,0.654443#
1478277284.76,-0.360036,0.054686,-0.071487,1.096598,0.703667,0.445807#
1478277284.78,-0.261248,0.202655,0.024493,1.066233,-0.017328,-0.390479#
1478277284.80,-0.252392,0.200186,0.007665,1.146310,-1.561635,-0.262320#
1478277284.82,-0.218998,-0.136303,-0.727230,1.315481,-1.395452,-1.334085#
1478277284.84,-0.078671,0.130188,-0.150749,1.373131,-0.487344,-1.216071#
1478277284.86,-0.343938,-0.155759,0.113637,1.454390,-0.931038,0.078495#
1478277284.88,-0.269215,0.042274,-0.216036,1.500598,-0.136643,1.380798#
1478277284.90,-0.487888,0.416393,-0.056362,1.493460,0.182378,2.326997#
1478277284.93,-0.399588,0.304709,0.028517,1.477562,0.383547,3.511514#
1478277284.95,-0.211868,0.630707,-0.264726,1.415994,1.155320,4.350419#
1478277284.97,-0.161440,0.621746,-0.246674,1.361310,1.573708,1.954403#
1478277284.99,-0.349165,0.909173,-0.209057,1.174347,1.315607,1.993679#
1478277285.01,-0.265728,-1.000782,-0.852286,1.159205,-0.709905,0.521375#
1478277285.03,-0.293375,-0.034384,0.096843,1.181463,0.155527,-0.902732#
1478277285.05,-0.050303,-0.358136,0.076029,1.161664,0.164331,1.063466#
1478277285.07,-0.207605,-0.129721,-0.158248,1.109377,0.230569,0.509228#
1478277285.10,-0.260324,-0.023775,-0.066269,1.080151,0.057682,0.721836#
1478277285.12,-0.172380,0.019069,-0.025579,1.103433,-0.105583,1.197469#
1478277285.14,-0.093797,0.020086,-0.337430,1.163503,-0.132387,1.039207#
1478277285.16,-0.082024,0.019376,-0.341010,1.255310,-0.146277,0.429253#
1478277285.18,-0.052740,-0.056408,-0.456698,1.356457,-0.205562,-0.522068#
1478277285.20,-0.194398,-0.153955,-0.165501,1.524852,-0.533490,-0.588145#
1478277285.22,-0.243282,-0.176649,-0.171302,1.659434,-0.457757,-0.614271#
1478277285.24,-0.274545,0.005114,-0.184660,1.704076,-0.224199,-0.178548#
1478277285.27,-0.270729,0.104726,-0.262660,1.855648,-0.542202,-0.732700#
1478277285.29,-0.272383,0.052687,-0.230938,2.227763,-1.218936,-1.457360#
1478277285.31,-0.241338,0.244008,-0.211363,2.556292,-1.495643,-1.393510#
1478277285.33,-0.249897,0.389755,-0.173363,2.781783,-1.252441,-0.691845#
1478277285.35,-0.229359,0.505839,0.031535,2.926191,-0.755450,0.424455#
1478277285.37,-0.083387,0.183912,-0.157704,2.965964,-1.041708,0.143676#
1478277285.39,-0.369435,0.064332,-0.270130,2.960004,-1.213136,0.037541#
1478277285.41,-0.395603,0.125440,-0.233477,2.967734,-1.029492,0.368084#
1478277285.43,-0.377696,0.131696,-0.250857,2.992517,-0.821184,0.557633#
1478277285.46,-0.135886,-0.175601,-0.270616,3.009411,-0.772056,0.324438#
1478277285.48,0.000985,-0.132828,-0.074616,3.019209,-0.446460,0.851703#
1478277285.50,-0.236515,-0.145133,-0.126790,3.024134,-0.654714,0.660337#
1478277285.52,-0.410789,-0.018138,-0.226541,3.030202,-0.583495,0.095649#
1478277285.54,-0.629279,-0.064822,-0.025787,3.052031,-0.196669,0.941338#
1478277285.56,-0.440896,0.056956,-0.046727,3.099686,0.288450,2.074029#
1478277285.58,-0.235170,0.228870,-1.030429,3.113899,-0.369306,1.301739#
1478277285.60,-0.224652,0.229189,-1.022080,-3.119483,0.760785,-0.208503#
1478277285.63,-0.236476,-0.038309,0.163343,-3.028726,3.656631,-5.550643#
1478277285.65,0.276181,0.564052,0.874369,-2.802518,4.368533,-7.209375#
1478277285.67,-0.432655,0.143869,0.830201,-2.617447,2.234646,1.244201#
1478277285.69,-0.625637,0.160752,-0.338933,-2.378577,2.722281,3.394314#
1478277285.71,-0.290019,-0.071475,0.532871,-2.233920,0.464811,2.415206#
1478277285.73,-0.652598,-0.138554,0.511021,-2.266466,-0.911880,3.578858#
1478277285.75,-0.641164,-0.196489,0.677941,-2.382639,-2.207199,4.061482#
1478277285.77,-0.460817,-0.251784,-0.200206,-2.485064,-1.904281,4.903206#
1478277285.80,-0.374548,-0.210240,-0.178892,-2.547286,-1.371606,5.948482#
1478277285.82,-0.300664,-0.285277,-0.193788,-2.596667,-0.970982,7.212146#
1478277285.84,-0.171012,-0.241159,-0.407674,-2.642541,-0.224847,7.630568#
1478277285.86,0.089526,-0.105634,-0.418456,-2.680865,0.813282,6.755610#
1478277285.88,0.136181,0.007147,-0.310603,-2.714498,1.436202,5.448962#
1478277285.90,0.506469,0.091910,-0.048154,-2.750502,1.805744,4.068447#
1478277285.92,0.779442,0.171690,0.154655,-2.788812,1.532094,3.901479#
1478277285.94,0.665883,0.191175,0.234850,-2.831449,1.247256,4.586686#
1478277285.97,0.653948,0.183158,0.217683,-2.879869,0.856878,4.467512#
1478277285.99,0.740151,0.165383,0.041856,-2.929184,0.513320,3.318499#
1478277286.01,0.540689,0.158671,-0.003768,-2.971268,1.216642,0.984594#
1478277286.03,0.213622,0.133676,0.084936,-3.003681,1.215592,0.694085#
1478277286.05,0.429102,0.204215,0.136963,-3.046700,0.320384,0.357456#
1478277286.07,0.404004,0.239720,0.148929,-3.091998,0.036520,1.606731#
1478277286.09,0.303368,0.135638,-0.450981,-3.131215,0.023913,1.953074#
1478277286.11,0.346270,0.212170,-0.192714,3.116012,0.134370,0.695050#
1478277286.13,0.363405,0.135548,-0.116127,3.087195,0.392150,0.297766#
1478277286.16,0.244938,0.211791,-0.223049,3.064662,0.664267,-0.059506#
1478277286.18,0.266435,0.283139,-0.180187,3.051575,0.969722,-0.118488#
1478277286.20,-0.003368,0.272224,0.182491,3.037509,0.369941,0.627592#
1478277286.22,0.344977,0.206053,-0.012462,3.018237,-0.101283,1.878786#
1478277286.24,0.303548,0.213340,0.005187,2.992765,-0.202331,1.670724#
1478277286.26,0.269015,0.171998,-0.020060,2.962441,-0.244143,1.115075#
1478277286.28,0.203977,0.150252,-0.016566,2.933010,-0.215155,1.076884#
1478277286.30,0.219076,0.190429,0.004569,2.906479,-0.331830,1.076387#
1478277286.33,0.289932,0.189702,-0.039594,2.881197,-0.390885,1.096412#
1478277286.35,0.323939,0.124556,-0.095267,2.862209,-0.252505,0.531769#
1478277286.37,0.311727,0.046286,-0.066537,2.853037,-0.030644,0.096681#
1478277286.39,0.256392,0.079524,0.004233,2.853303,0.081641,0.216421#
1478277286.41,0.109541,0.068476,0.022778,2.784551,0.080728,0.391524#
1478277286.43,0.105276,0.069631,0.022559,2.792798,0.065697,0.265831#
1478277286.45,0.125482,0.075800,-0.015043,2.800414,0.229285,-0.004160#
1478277286.47,0.036797,0.050538,0.034388,2.806098,0.402242,-0.468429#
1478277286.50,0.037638,0.079463,0.107604,2.809088,0.066243,-0.077169#
1478277286.52,0.034236,0.075218,0.109216,2.810183,-0.293561,0.258213#
